Cat\11474.jpg,0
Cat\11475.jpg,0
Cat\11476.jpg,0
Cat\11477.jpg,0
Cat\11478.jpg,0
Cat\11479.jpg,0
Cat\11480.jpg,0
Cat\11481.jpg,0
Cat\11482.jpg,0
Cat\11483.jpg,0
Cat\11484.jpg,0
Cat\11485.jpg,0
Cat\11486.jpg,0
Cat\11487.jpg,0
Cat\11488.jpg,0
Cat\11489.jpg,0
Cat\11490.jpg,0
Cat\11491.jpg,0
Cat\11492.jpg,0
Cat\11493.jpg,0
Cat\11494.jpg,0
Cat\11495.jpg,0
Cat\11496.jpg,0
Cat\11497.jpg,0
Cat\11498.jpg,0
Cat\11499.jpg,0
Cat\11500.jpg,0
Cat\11501.jpg,0
Cat\11502.jpg,0
Cat\11503.jpg,0
Cat\11504.jpg,0
Cat\11505.jpg,0
Cat\11506.jpg,0
Cat\11507.jpg,0
Cat\11508.jpg,0
Cat\11509.jpg,0
Cat\11510.jpg,0
Cat\11511.jpg,0
Cat\11512.jpg,0
Cat\11513.jpg,0
Cat\11514.jpg,0
Cat\11515.jpg,0
Cat\11516.jpg,0
Cat\11517.jpg,0
Cat\11518.jpg,0
Cat\11519.jpg,0
Cat\11520.jpg,0
Cat\11521.jpg,0
Cat\11522.jpg,0
Cat\11523.jpg,0
Cat\11524.jpg,0
Cat\11525.jpg,0
Cat\11526.jpg,0
Cat\11527.jpg,0
Cat\11528.jpg,0
Cat\11529.jpg,0
Cat\11530.jpg,0
Cat\11531.jpg,0
Cat\11532.jpg,0
Cat\11533.jpg,0
Cat\11534.jpg,0
Cat\11535.jpg,0
Cat\11536.jpg,0
Cat\11537.jpg,0
Cat\11538.jpg,0
Cat\11539.jpg,0
Cat\11540.jpg,0
Cat\11541.jpg,0
Cat\11542.jpg,0
Cat\11543.jpg,0
Cat\11544.jpg,0
Cat\11545.jpg,0
Cat\11546.jpg,0
Cat\11547.jpg,0
Cat\11548.jpg,0
Cat\11549.jpg,0
Cat\11550.jpg,0
Cat\11551.jpg,0
Cat\11552.jpg,0
Cat\11553.jpg,0
Cat\11554.jpg,0
Cat\11555.jpg,0
Cat\11556.jpg,0
Cat\11557.jpg,0
Cat\11558.jpg,0
Cat\11559.jpg,0
Cat\11560.jpg,0
Cat\11561.jpg,0
Cat\11562.jpg,0
Cat\11563.jpg,0
Cat\11564.jpg,0
Cat\11566.jpg,0
Cat\11567.jpg,0
Cat\11568.jpg,0
Cat\11569.jpg,0
Cat\11570.jpg,0
Cat\11571.jpg,0
Cat\11572.jpg,0
Cat\11573.jpg,0
Cat\11574.jpg,0
Cat\11575.jpg,0
Cat\11576.jpg,0
Cat\11577.jpg,0
Cat\11578.jpg,0
Cat\11579.jpg,0
Cat\11580.jpg,0
Cat\11581.jpg,0
Cat\11582.jpg,0
Cat\11583.jpg,0
Cat\11584.jpg,0
Cat\11585.jpg,0
Cat\11586.jpg,0
Cat\11587.jpg,0
Cat\11588.jpg,0
Cat\11589.jpg,0
Cat\11590.jpg,0
Cat\11591.jpg,0
Cat\11592.jpg,0
Cat\11593.jpg,0
Cat\11594.jpg,0
Cat\11595.jpg,0
Cat\11596.jpg,0
Cat\11597.jpg,0
Cat\11598.jpg,0
Cat\11599.jpg,0
Cat\11600.jpg,0
Cat\11601.jpg,0
Cat\11602.jpg,0
Cat\11603.jpg,0
Cat\11604.jpg,0
Cat\11605.jpg,0
Cat\11606.jpg,0
Cat\11607.jpg,0
Cat\11608.jpg,0
Cat\11609.jpg,0
Cat\11610.jpg,0
Cat\11611.jpg,0
Cat\11612.jpg,0
Cat\11613.jpg,0
Cat\11614.jpg,0
Cat\11615.jpg,0
Cat\11616.jpg,0
Cat\11617.jpg,0
Cat\11618.jpg,0
Cat\11619.jpg,0
Cat\11620.jpg,0
Cat\11621.jpg,0
Cat\11622.jpg,0
Cat\11623.jpg,0
Cat\11624.jpg,0
Cat\11625.jpg,0
Cat\11626.jpg,0
Cat\11627.jpg,0
Cat\11628.jpg,0
Cat\11629.jpg,0
Cat\11630.jpg,0
Cat\11631.jpg,0
Cat\11632.jpg,0
Cat\11633.jpg,0
Cat\11634.jpg,0
Cat\11635.jpg,0
Cat\11636.jpg,0
Cat\11637.jpg,0
Cat\11638.jpg,0
Cat\11639.jpg,0
Cat\11640.jpg,0
Cat\11641.jpg,0
Cat\11642.jpg,0
Cat\11643.jpg,0
Cat\11644.jpg,0
Cat\11645.jpg,0
Cat\11646.jpg,0
Cat\11647.jpg,0
Cat\11648.jpg,0
Cat\11649.jpg,0
Cat\11650.jpg,0
Cat\11651.jpg,0
Cat\11652.jpg,0
Cat\11653.jpg,0
Cat\11654.jpg,0
Cat\11655.jpg,0
Cat\11656.jpg,0
Cat\11657.jpg,0
Cat\11658.jpg,0
Cat\11659.jpg,0
Cat\11660.jpg,0
Cat\11661.jpg,0
Cat\11662.jpg,0
Cat\11663.jpg,0
Cat\11664.jpg,0
Cat\11665.jpg,0
Cat\11666.jpg,0
Cat\11667.jpg,0
Cat\11668.jpg,0
Cat\11669.jpg,0
Cat\11670.jpg,0
Cat\11671.jpg,0
Cat\11672.jpg,0
Cat\11673.jpg,0
Cat\11674.jpg,0
Cat\11675.jpg,0
Cat\11676.jpg,0
Cat\11677.jpg,0
Cat\11678.jpg,0
Cat\11679.jpg,0
Cat\11680.jpg,0
Cat\11681.jpg,0
Cat\11682.jpg,0
Cat\11683.jpg,0
Cat\11684.jpg,0
Cat\11685.jpg,0
Cat\11686.jpg,0
Cat\11687.jpg,0
Cat\11688.jpg,0
Cat\11689.jpg,0
Cat\11690.jpg,0
Cat\11691.jpg,0
Cat\11692.jpg,0
Cat\11693.jpg,0
Cat\11694.jpg,0
Cat\11695.jpg,0
Cat\11696.jpg,0
Cat\11697.jpg,0
Cat\11698.jpg,0
Cat\11699.jpg,0
Cat\11700.jpg,0
Cat\11701.jpg,0
Cat\11702.jpg,0
Cat\11703.jpg,0
Cat\11704.jpg,0
Cat\11705.jpg,0
Cat\11706.jpg,0
Cat\11707.jpg,0
Cat\11708.jpg,0
Cat\11709.jpg,0
Cat\11710.jpg,0
Cat\11711.jpg,0
Cat\11712.jpg,0
Cat\11713.jpg,0
Cat\11714.jpg,0
Cat\11715.jpg,0
Cat\11716.jpg,0
Cat\11717.jpg,0
Cat\11718.jpg,0
Cat\11719.jpg,0
Cat\11720.jpg,0
Cat\11721.jpg,0
Cat\11722.jpg,0
Cat\11723.jpg,0
Cat\11724.jpg,0
Cat\11725.jpg,0
Cat\11726.jpg,0
Cat\11727.jpg,0
Cat\11728.jpg,0
Cat\11729.jpg,0
Cat\11730.jpg,0
Cat\11731.jpg,0
Cat\11732.jpg,0
Cat\11733.jpg,0
Cat\11734.jpg,0
Cat\11735.jpg,0
Cat\11736.jpg,0
Cat\11737.jpg,0
Cat\11738.jpg,0
Cat\11739.jpg,0
Cat\11740.jpg,0
Cat\11741.jpg,0
Cat\11742.jpg,0
Cat\11743.jpg,0
Cat\11744.jpg,0
Cat\11745.jpg,0
Cat\11746.jpg,0
Cat\11747.jpg,0
Cat\11748.jpg,0
Cat\11749.jpg,0
Cat\11750.jpg,0
Cat\11751.jpg,0
Cat\11752.jpg,0
Cat\11753.jpg,0
Cat\11754.jpg,0
Cat\11755.jpg,0
Cat\11756.jpg,0
Cat\11757.jpg,0
Cat\11758.jpg,0
Cat\11759.jpg,0
Cat\11760.jpg,0
Cat\11761.jpg,0
Cat\11762.jpg,0
Cat\11763.jpg,0
Cat\11764.jpg,0
Cat\11765.jpg,0
Cat\11766.jpg,0
Cat\11767.jpg,0
Cat\11768.jpg,0
Cat\11769.jpg,0
Cat\11770.jpg,0
Cat\11771.jpg,0
Cat\11772.jpg,0
Cat\11773.jpg,0
Cat\11774.jpg,0
Cat\11775.jpg,0
Cat\11776.jpg,0
Cat\11777.jpg,0
Cat\11778.jpg,0
Cat\11779.jpg,0
Cat\11780.jpg,0
Cat\11781.jpg,0
Cat\11782.jpg,0
Cat\11783.jpg,0
Cat\11784.jpg,0
Cat\11785.jpg,0
Cat\11786.jpg,0
Cat\11787.jpg,0
Cat\11788.jpg,0
Cat\11789.jpg,0
Cat\11790.jpg,0
Cat\11791.jpg,0
Cat\11792.jpg,0
Cat\11793.jpg,0
Cat\11794.jpg,0
Cat\11795.jpg,0
Cat\11796.jpg,0
Cat\11797.jpg,0
Cat\11798.jpg,0
Cat\11799.jpg,0
Cat\11800.jpg,0
Cat\11801.jpg,0
Cat\11802.jpg,0
Cat\11803.jpg,0
Cat\11804.jpg,0
Cat\11805.jpg,0
Cat\11806.jpg,0
Cat\11807.jpg,0
Cat\11808.jpg,0
Cat\11809.jpg,0
Cat\11810.jpg,0
Cat\11811.jpg,0
Cat\11812.jpg,0
Cat\11813.jpg,0
Cat\11814.jpg,0
Cat\11815.jpg,0
Cat\11816.jpg,0
Cat\11817.jpg,0
Cat\11818.jpg,0
Cat\11819.jpg,0
Cat\11820.jpg,0
Cat\11821.jpg,0
Cat\11822.jpg,0
Cat\11823.jpg,0
Cat\11824.jpg,0
Cat\11825.jpg,0
Cat\11826.jpg,0
Cat\11827.jpg,0
Cat\11828.jpg,0
Cat\11829.jpg,0
Cat\11830.jpg,0
Cat\11831.jpg,0
Cat\11832.jpg,0
Cat\11833.jpg,0
Cat\11834.jpg,0
Cat\11835.jpg,0
Cat\11836.jpg,0
Cat\11837.jpg,0
Cat\11838.jpg,0
Cat\11839.jpg,0
Cat\11840.jpg,0
Cat\11841.jpg,0
Cat\11842.jpg,0
Cat\11843.jpg,0
Cat\11844.jpg,0
Cat\11845.jpg,0
Cat\11846.jpg,0
Cat\11847.jpg,0
Cat\11848.jpg,0
Cat\11849.jpg,0
Cat\11850.jpg,0
Cat\11851.jpg,0
Cat\11852.jpg,0
Cat\11853.jpg,0
Cat\11854.jpg,0
Cat\11855.jpg,0
Cat\11856.jpg,0
Cat\11857.jpg,0
Cat\11858.jpg,0
Cat\11859.jpg,0
Cat\11860.jpg,0
Cat\11861.jpg,0
Cat\11862.jpg,0
Cat\11863.jpg,0
Cat\11864.jpg,0
Cat\11865.jpg,0
Cat\11866.jpg,0
Cat\11867.jpg,0
Cat\11868.jpg,0
Cat\11869.jpg,0
Cat\11870.jpg,0
Cat\11871.jpg,0
Cat\11872.jpg,0
Cat\11873.jpg,0
Cat\11875.jpg,0
Cat\11876.jpg,0
Cat\11877.jpg,0
Cat\11878.jpg,0
Cat\11879.jpg,0
Cat\11880.jpg,0
Cat\11881.jpg,0
Cat\11882.jpg,0
Cat\11883.jpg,0
Cat\11884.jpg,0
Cat\11885.jpg,0
Cat\11886.jpg,0
Cat\11887.jpg,0
Cat\11888.jpg,0
Cat\11889.jpg,0
Cat\11890.jpg,0
Cat\11891.jpg,0
Cat\11892.jpg,0
Cat\11893.jpg,0
Cat\11894.jpg,0
Cat\11895.jpg,0
Cat\11896.jpg,0
Cat\11897.jpg,0
Cat\11898.jpg,0
Cat\11899.jpg,0
Cat\11900.jpg,0
Cat\11901.jpg,0
Cat\11902.jpg,0
Cat\11903.jpg,0
Cat\11904.jpg,0
Cat\11905.jpg,0
Cat\11906.jpg,0
Cat\11907.jpg,0
Cat\11908.jpg,0
Cat\11909.jpg,0
Cat\11910.jpg,0
Cat\11911.jpg,0
Cat\11912.jpg,0
Cat\11913.jpg,0
Cat\11914.jpg,0
Cat\11915.jpg,0
Cat\11916.jpg,0
Cat\11917.jpg,0
Cat\11918.jpg,0
Cat\11919.jpg,0
Cat\11920.jpg,0
Cat\11921.jpg,0
Cat\11922.jpg,0
Cat\11923.jpg,0
Cat\11924.jpg,0
Cat\11925.jpg,0
Cat\11926.jpg,0
Cat\11927.jpg,0
Cat\11928.jpg,0
Cat\11929.jpg,0
Cat\11930.jpg,0
Cat\11931.jpg,0
Cat\11932.jpg,0
Cat\11933.jpg,0
Cat\11934.jpg,0
Cat\11936.jpg,0
Cat\11937.jpg,0
Cat\11938.jpg,0
Cat\11939.jpg,0
Cat\11940.jpg,0
Cat\11941.jpg,0
Cat\11942.jpg,0
Cat\11943.jpg,0
Cat\11944.jpg,0
Cat\11945.jpg,0
Cat\11946.jpg,0
Cat\11947.jpg,0
Cat\11948.jpg,0
Cat\11949.jpg,0
Cat\11950.jpg,0
Cat\11951.jpg,0
Cat\11952.jpg,0
Cat\11953.jpg,0
Cat\11954.jpg,0
Cat\11955.jpg,0
Cat\11956.jpg,0
Cat\11957.jpg,0
Cat\11958.jpg,0
Cat\11959.jpg,0
Cat\11960.jpg,0
Cat\11961.jpg,0
Cat\11962.jpg,0
Cat\11963.jpg,0
Cat\11964.jpg,0
Cat\11965.jpg,0
Cat\11966.jpg,0
Cat\11967.jpg,0
Cat\11968.jpg,0
Cat\11969.jpg,0
Cat\11970.jpg,0
Cat\11971.jpg,0
Cat\11972.jpg,0
Cat\11973.jpg,0
Cat\11974.jpg,0
Cat\11975.jpg,0
Cat\11976.jpg,0
Cat\11977.jpg,0
Cat\11978.jpg,0
Cat\11979.jpg,0
Cat\11980.jpg,0
Cat\11981.jpg,0
Cat\11982.jpg,0
Cat\11983.jpg,0
Cat\11984.jpg,0
Cat\11985.jpg,0
Cat\11986.jpg,0
Cat\11987.jpg,0
Cat\11988.jpg,0
Cat\11989.jpg,0
Cat\11990.jpg,0
Cat\11991.jpg,0
Cat\11992.jpg,0
Cat\11993.jpg,0
Cat\11994.jpg,0
Cat\11995.jpg,0
Cat\11996.jpg,0
Cat\11997.jpg,0
Cat\11998.jpg,0
Cat\11999.jpg,0
Cat\12000.jpg,0
Cat\12001.jpg,0
Cat\12002.jpg,0
Cat\12003.jpg,0
Cat\12004.jpg,0
Cat\12005.jpg,0
Cat\12006.jpg,0
Cat\12007.jpg,0
Cat\12008.jpg,0
Cat\12009.jpg,0
Cat\12010.jpg,0
Cat\12011.jpg,0
Cat\12012.jpg,0
Cat\12013.jpg,0
Cat\12014.jpg,0
Cat\12015.jpg,0
Cat\12016.jpg,0
Cat\12017.jpg,0
Cat\12018.jpg,0
Cat\12019.jpg,0
Cat\12020.jpg,0
Cat\12021.jpg,0
Cat\12022.jpg,0
Cat\12023.jpg,0
Cat\12024.jpg,0
Cat\12025.jpg,0
Cat\12026.jpg,0
Cat\12027.jpg,0
Cat\12028.jpg,0
Cat\12029.jpg,0
Cat\12030.jpg,0
Cat\12031.jpg,0
Cat\12032.jpg,0
Cat\12033.jpg,0
Cat\12034.jpg,0
Cat\12035.jpg,0
Cat\12036.jpg,0
Cat\12037.jpg,0
Cat\12038.jpg,0
Cat\12039.jpg,0
Cat\12040.jpg,0
Cat\12041.jpg,0
Cat\12042.jpg,0
Cat\12043.jpg,0
Cat\12044.jpg,0
Cat\12045.jpg,0
Cat\12046.jpg,0
Cat\12047.jpg,0
Cat\12048.jpg,0
Cat\12049.jpg,0
Cat\12050.jpg,0
Cat\12051.jpg,0
Cat\12052.jpg,0
Cat\12053.jpg,0
Cat\12054.jpg,0
Cat\12055.jpg,0
Cat\12056.jpg,0
Cat\12057.jpg,0
Cat\12058.jpg,0
Cat\12059.jpg,0
Cat\12060.jpg,0
Cat\12061.jpg,0
Cat\12062.jpg,0
Cat\12063.jpg,0
Cat\12064.jpg,0
Cat\12065.jpg,0
Cat\12066.jpg,0
Cat\12067.jpg,0
Cat\12068.jpg,0
Cat\12069.jpg,0
Cat\12070.jpg,0
Cat\12071.jpg,0
Cat\12072.jpg,0
Cat\12073.jpg,0
Cat\12074.jpg,0
Cat\12075.jpg,0
Cat\12076.jpg,0
Cat\12077.jpg,0
Cat\12078.jpg,0
Cat\12079.jpg,0
Cat\12080.jpg,0
Cat\12081.jpg,0
Cat\12082.jpg,0
Cat\12083.jpg,0
Cat\12084.jpg,0
Cat\12085.jpg,0
Cat\12086.jpg,0
Cat\12087.jpg,0
Cat\12088.jpg,0
Cat\12089.jpg,0
Cat\12090.jpg,0
Cat\12091.jpg,0
Cat\12092.jpg,0
Cat\12093.jpg,0
Cat\12094.jpg,0
Cat\12095.jpg,0
Cat\12096.jpg,0
Cat\12097.jpg,0
Cat\12098.jpg,0
Cat\12099.jpg,0
Cat\12100.jpg,0
Cat\12101.jpg,0
Cat\12102.jpg,0
Cat\12103.jpg,0
Cat\12104.jpg,0
Cat\12105.jpg,0
Cat\12106.jpg,0
Cat\12107.jpg,0
Cat\12108.jpg,0
Cat\12109.jpg,0
Cat\12110.jpg,0
Cat\12111.jpg,0
Cat\12112.jpg,0
Cat\12113.jpg,0
Cat\12114.jpg,0
Cat\12115.jpg,0
Cat\12116.jpg,0
Cat\12117.jpg,0
Cat\12118.jpg,0
Cat\12119.jpg,0
Cat\12120.jpg,0
Cat\12121.jpg,0
Cat\12122.jpg,0
Cat\12123.jpg,0
Cat\12124.jpg,0
Cat\12125.jpg,0
Cat\12126.jpg,0
Cat\12127.jpg,0
Cat\12128.jpg,0
Cat\12129.jpg,0
Cat\12130.jpg,0
Cat\12131.jpg,0
Cat\12132.jpg,0
Cat\12133.jpg,0
Cat\12134.jpg,0
Cat\12135.jpg,0
Cat\12136.jpg,0
Cat\12137.jpg,0
Cat\12138.jpg,0
Cat\12139.jpg,0
Cat\12140.jpg,0
Cat\12141.jpg,0
Cat\12142.jpg,0
Cat\12143.jpg,0
Cat\12144.jpg,0
Cat\12145.jpg,0
Cat\12146.jpg,0
Cat\12147.jpg,0
Cat\12148.jpg,0
Cat\12149.jpg,0
Cat\12150.jpg,0
Cat\12151.jpg,0
Cat\12152.jpg,0
Cat\12153.jpg,0
Cat\12154.jpg,0
Cat\12155.jpg,0
Cat\12156.jpg,0
Cat\12157.jpg,0
Cat\12158.jpg,0
Cat\12159.jpg,0
Cat\12160.jpg,0
Cat\12161.jpg,0
Cat\12162.jpg,0
Cat\12163.jpg,0
Cat\12164.jpg,0
Cat\12165.jpg,0
Cat\12166.jpg,0
Cat\12167.jpg,0
Cat\12168.jpg,0
Cat\12169.jpg,0
Cat\12170.jpg,0
Cat\12171.jpg,0
Cat\12172.jpg,0
Cat\12173.jpg,0
Cat\12174.jpg,0
Cat\12175.jpg,0
Cat\12176.jpg,0
Cat\12177.jpg,0
Cat\12178.jpg,0
Cat\12179.jpg,0
Cat\12180.jpg,0
Cat\12181.jpg,0
Cat\12182.jpg,0
Cat\12183.jpg,0
Cat\12184.jpg,0
Cat\12185.jpg,0
Cat\12186.jpg,0
Cat\12187.jpg,0
Cat\12188.jpg,0
Cat\12189.jpg,0
Cat\12190.jpg,0
Cat\12191.jpg,0
Cat\12192.jpg,0
Cat\12193.jpg,0
Cat\12194.jpg,0
Cat\12195.jpg,0
Cat\12196.jpg,0
Cat\12197.jpg,0
Cat\12198.jpg,0
Cat\12199.jpg,0
Cat\12200.jpg,0
Cat\12201.jpg,0
Cat\12202.jpg,0
Cat\12203.jpg,0
Cat\12204.jpg,0
Cat\12205.jpg,0
Cat\12206.jpg,0
Cat\12207.jpg,0
Cat\12208.jpg,0
Cat\12209.jpg,0
Cat\12210.jpg,0
Cat\12211.jpg,0
Cat\12212.jpg,0
Cat\12213.jpg,0
Cat\12214.jpg,0
Cat\12215.jpg,0
Cat\12216.jpg,0
Cat\12217.jpg,0
Cat\12218.jpg,0
Cat\12219.jpg,0
Cat\12220.jpg,0
Cat\12221.jpg,0
Cat\12222.jpg,0
Cat\12223.jpg,0
Cat\12224.jpg,0
Cat\12225.jpg,0
Cat\12226.jpg,0
Cat\12227.jpg,0
Cat\12228.jpg,0
Cat\12229.jpg,0
Cat\12230.jpg,0
Cat\12231.jpg,0
Cat\12232.jpg,0
Cat\12233.jpg,0
Cat\12234.jpg,0
Cat\12235.jpg,0
Cat\12236.jpg,0
Cat\12237.jpg,0
Cat\12238.jpg,0
Cat\12239.jpg,0
Cat\12240.jpg,0
Cat\12241.jpg,0
Cat\12242.jpg,0
Cat\12243.jpg,0
Cat\12244.jpg,0
Cat\12245.jpg,0
Cat\12246.jpg,0
Cat\12247.jpg,0
Cat\12248.jpg,0
Cat\12249.jpg,0
Cat\12250.jpg,0
Cat\12251.jpg,0
Cat\12252.jpg,0
Cat\12253.jpg,0
Cat\12254.jpg,0
Cat\12255.jpg,0
Cat\12256.jpg,0
Cat\12257.jpg,0
Cat\12258.jpg,0
Cat\12259.jpg,0
Cat\12260.jpg,0
Cat\12261.jpg,0
Cat\12262.jpg,0
Cat\12263.jpg,0
Cat\12264.jpg,0
Cat\12265.jpg,0
Cat\12266.jpg,0
Cat\12267.jpg,0
Cat\12268.jpg,0
Cat\12269.jpg,0
Cat\12270.jpg,0
Cat\12271.jpg,0
Cat\12272.jpg,0
Cat\12273.jpg,0
Cat\12274.jpg,0
Cat\12275.jpg,0
Cat\12276.jpg,0
Cat\12277.jpg,0
Cat\12278.jpg,0
Cat\12279.jpg,0
Cat\12280.jpg,0
Cat\12281.jpg,0
Cat\12282.jpg,0
Cat\12283.jpg,0
Cat\12284.jpg,0
Cat\12285.jpg,0
Cat\12286.jpg,0
Cat\12287.jpg,0
Cat\12288.jpg,0
Cat\12289.jpg,0
Cat\12290.jpg,0
Cat\12291.jpg,0
Cat\12292.jpg,0
Cat\12293.jpg,0
Cat\12294.jpg,0
Cat\12295.jpg,0
Cat\12296.jpg,0
Cat\12297.jpg,0
Cat\12298.jpg,0
Cat\12299.jpg,0
Cat\12300.jpg,0
Cat\12301.jpg,0
Cat\12302.jpg,0
Cat\12303.jpg,0
Cat\12304.jpg,0
Cat\12305.jpg,0
Cat\12306.jpg,0
Cat\12307.jpg,0
Cat\12308.jpg,0
Cat\12309.jpg,0
Cat\12310.jpg,0
Cat\12311.jpg,0
Cat\12312.jpg,0
Cat\12313.jpg,0
Cat\12314.jpg,0
Cat\12315.jpg,0
Cat\12316.jpg,0
Cat\12317.jpg,0
Cat\12318.jpg,0
Cat\12319.jpg,0
Cat\12320.jpg,0
Cat\12321.jpg,0
Cat\12322.jpg,0
Cat\12323.jpg,0
Cat\12324.jpg,0
Cat\12325.jpg,0
Cat\12326.jpg,0
Cat\12327.jpg,0
Cat\12328.jpg,0
Cat\12329.jpg,0
Cat\12330.jpg,0
Cat\12331.jpg,0
Cat\12332.jpg,0
Cat\12333.jpg,0
Cat\12334.jpg,0
Cat\12335.jpg,0
Cat\12336.jpg,0
Cat\12337.jpg,0
Cat\12338.jpg,0
Cat\12339.jpg,0
Cat\12340.jpg,0
Cat\12341.jpg,0
Cat\12342.jpg,0
Cat\12343.jpg,0
Cat\12344.jpg,0
Cat\12345.jpg,0
Cat\12346.jpg,0
Cat\12347.jpg,0
Cat\12348.jpg,0
Cat\12349.jpg,0
Cat\12350.jpg,0
Cat\12351.jpg,0
Cat\12352.jpg,0
Cat\12353.jpg,0
Cat\12354.jpg,0
Cat\12355.jpg,0
Cat\12356.jpg,0
Cat\12357.jpg,0
Cat\12358.jpg,0
Cat\12359.jpg,0
Cat\12360.jpg,0
Cat\12361.jpg,0
Cat\12362.jpg,0
Cat\12363.jpg,0
Cat\12364.jpg,0
Cat\12365.jpg,0
Cat\12366.jpg,0
Cat\12367.jpg,0
Cat\12368.jpg,0
Cat\12369.jpg,0
Cat\12370.jpg,0
Cat\12371.jpg,0
Cat\12372.jpg,0
Cat\12373.jpg,0
Cat\12374.jpg,0
Cat\12375.jpg,0
Cat\12376.jpg,0
Cat\12377.jpg,0
Cat\12378.jpg,0
Cat\12379.jpg,0
Cat\12380.jpg,0
Cat\12381.jpg,0
Cat\12382.jpg,0
Cat\12383.jpg,0
Cat\12384.jpg,0
Cat\12385.jpg,0
Cat\12386.jpg,0
Cat\12387.jpg,0
Cat\12388.jpg,0
Cat\12389.jpg,0
Cat\12390.jpg,0
Cat\12391.jpg,0
Cat\12392.jpg,0
Cat\12393.jpg,0
Cat\12394.jpg,0
Cat\12395.jpg,0
Cat\12396.jpg,0
Cat\12397.jpg,0
Cat\12398.jpg,0
Cat\12399.jpg,0
Cat\12400.jpg,0
Cat\12401.jpg,0
Cat\12402.jpg,0
Cat\12403.jpg,0
Cat\12404.jpg,0
Cat\12405.jpg,0
Cat\12406.jpg,0
Cat\12407.jpg,0
Cat\12408.jpg,0
Cat\12409.jpg,0
Cat\12410.jpg,0
Cat\12411.jpg,0
Cat\12412.jpg,0
Cat\12413.jpg,0
Cat\12414.jpg,0
Cat\12415.jpg,0
Cat\12416.jpg,0
Cat\12417.jpg,0
Cat\12418.jpg,0
Cat\12419.jpg,0
Cat\12420.jpg,0
Cat\12421.jpg,0
Cat\12422.jpg,0
Cat\12423.jpg,0
Cat\12424.jpg,0
Cat\12425.jpg,0
Cat\12426.jpg,0
Cat\12427.jpg,0
Cat\12428.jpg,0
Cat\12429.jpg,0
Cat\12430.jpg,0
Cat\12431.jpg,0
Cat\12432.jpg,0
Cat\12433.jpg,0
Cat\12434.jpg,0
Cat\12435.jpg,0
Cat\12436.jpg,0
Cat\12437.jpg,0
Cat\12438.jpg,0
Cat\12439.jpg,0
Cat\12440.jpg,0
Cat\12441.jpg,0
Cat\12442.jpg,0
Cat\12443.jpg,0
Cat\12444.jpg,0
Cat\12445.jpg,0
Cat\12446.jpg,0
Cat\12447.jpg,0
Cat\12448.jpg,0
Cat\12449.jpg,0
Cat\12450.jpg,0
Cat\12451.jpg,0
Cat\12452.jpg,0
Cat\12453.jpg,0
Cat\12454.jpg,0
Cat\12455.jpg,0
Cat\12456.jpg,0
Cat\12457.jpg,0
Cat\12458.jpg,0
Cat\12459.jpg,0
Cat\12460.jpg,0
Cat\12461.jpg,0
Cat\12462.jpg,0
Cat\12463.jpg,0
Cat\12464.jpg,0
Cat\12465.jpg,0
Cat\12466.jpg,0
Cat\12467.jpg,0
Cat\12468.jpg,0
Cat\12469.jpg,0
Cat\12470.jpg,0
Cat\12471.jpg,0
Cat\12472.jpg,0
Cat\12473.jpg,0
Cat\12474.jpg,0
Cat\12475.jpg,0
Cat\12476.jpg,0
Cat\12477.jpg,0
Cat\12478.jpg,0
Cat\12479.jpg,0
Cat\12480.jpg,0
Cat\12481.jpg,0
Cat\12482.jpg,0
Cat\12483.jpg,0
Cat\12484.jpg,0
Cat\12485.jpg,0
Cat\12486.jpg,0
Cat\12487.jpg,0
Cat\12488.jpg,0
Cat\12489.jpg,0
Cat\12490.jpg,0
Cat\12491.jpg,0
Cat\12492.jpg,0
Cat\12493.jpg,0
Cat\12494.jpg,0
Cat\12495.jpg,0
Cat\12496.jpg,0
Cat\12497.jpg,0
Cat\12498.jpg,0
Cat\12499.jpg,0
Cat\6001.jpg,0
Cat\6002.jpg,0
Cat\6003.jpg,0
Cat\6004.jpg,0
Cat\6005.jpg,0
Cat\6006.jpg,0
Cat\6007.jpg,0
Cat\6008.jpg,0
Cat\6009.jpg,0
Cat\6010.jpg,0
Cat\6011.jpg,0
Cat\6012.jpg,0
Cat\6013.jpg,0
Cat\6014.jpg,0
Cat\6015.jpg,0
Cat\6016.jpg,0
Cat\6017.jpg,0
Cat\6018.jpg,0
Cat\6019.jpg,0
Cat\6020.jpg,0
Cat\6021.jpg,0
Cat\6022.jpg,0
Cat\6023.jpg,0
Cat\6024.jpg,0
Cat\6025.jpg,0
Cat\6026.jpg,0
Cat\6027.jpg,0
Cat\6028.jpg,0
Cat\6029.jpg,0
Cat\6030.jpg,0
Cat\6031.jpg,0
Cat\6032.jpg,0
Cat\6033.jpg,0
Cat\6034.jpg,0
Cat\6035.jpg,0
Cat\6036.jpg,0
Cat\6037.jpg,0
Cat\6038.jpg,0
Cat\6039.jpg,0
Cat\6040.jpg,0
Cat\6041.jpg,0
Cat\6042.jpg,0
Cat\6043.jpg,0
Cat\6044.jpg,0
Cat\6045.jpg,0
Cat\6046.jpg,0
Cat\6047.jpg,0
Cat\6048.jpg,0
Cat\6049.jpg,0
Cat\6050.jpg,0
Cat\6051.jpg,0
Cat\6052.jpg,0
Cat\6053.jpg,0
Cat\6054.jpg,0
Cat\6055.jpg,0
Cat\6056.jpg,0
Cat\6057.jpg,0
Cat\6058.jpg,0
Cat\6059.jpg,0
Cat\6060.jpg,0
Cat\6061.jpg,0
Cat\6062.jpg,0
Cat\6063.jpg,0
Cat\6064.jpg,0
Cat\6065.jpg,0
Cat\6066.jpg,0
Cat\6067.jpg,0
Cat\6068.jpg,0
Cat\6069.jpg,0
Cat\6070.jpg,0
Cat\6071.jpg,0
Cat\6072.jpg,0
Cat\6073.jpg,0
Cat\6074.jpg,0
Cat\6075.jpg,0
Cat\6076.jpg,0
Cat\6077.jpg,0
Cat\6078.jpg,0
Cat\6079.jpg,0
Cat\6080.jpg,0
Cat\6081.jpg,0
Cat\6082.jpg,0
Cat\6083.jpg,0
Cat\6084.jpg,0
Cat\6085.jpg,0
Cat\6086.jpg,0
Cat\6087.jpg,0
Cat\6088.jpg,0
Cat\6089.jpg,0
Cat\6090.jpg,0
Cat\6091.jpg,0
Cat\6092.jpg,0
Cat\6093.jpg,0
Cat\6094.jpg,0
Cat\6095.jpg,0
Cat\6096.jpg,0
Cat\6097.jpg,0
Cat\6098.jpg,0
Cat\6099.jpg,0
Cat\6100.jpg,0
Cat\6101.jpg,0
Cat\6102.jpg,0
Cat\6103.jpg,0
Cat\6104.jpg,0
Cat\6105.jpg,0
Cat\6106.jpg,0
Cat\6107.jpg,0
Cat\6108.jpg,0
Cat\6109.jpg,0
Cat\6110.jpg,0
Cat\6111.jpg,0
Cat\6112.jpg,0
Cat\6113.jpg,0
Cat\6114.jpg,0
Cat\6115.jpg,0
Cat\6116.jpg,0
Cat\6117.jpg,0
Cat\6118.jpg,0
Cat\6119.jpg,0
Cat\6120.jpg,0
Cat\6121.jpg,0
Cat\6122.jpg,0
Cat\6123.jpg,0
Cat\6124.jpg,0
Cat\6125.jpg,0
Cat\6126.jpg,0
Cat\6127.jpg,0
Cat\6128.jpg,0
Cat\6129.jpg,0
Cat\6130.jpg,0
Cat\6131.jpg,0
Cat\6132.jpg,0
Cat\6133.jpg,0
Cat\6134.jpg,0
Cat\6135.jpg,0
Cat\6136.jpg,0
Cat\6137.jpg,0
Cat\6138.jpg,0
Cat\6139.jpg,0
Cat\6140.jpg,0
Cat\6141.jpg,0
Cat\6142.jpg,0
Cat\6143.jpg,0
Cat\6144.jpg,0
Cat\6145.jpg,0
Cat\6146.jpg,0
Cat\6147.jpg,0
Cat\6148.jpg,0
Cat\6149.jpg,0
Cat\6150.jpg,0
Cat\6151.jpg,0
Cat\6152.jpg,0
Cat\6153.jpg,0
Cat\6154.jpg,0
Cat\6155.jpg,0
Cat\6156.jpg,0
Cat\6157.jpg,0
Cat\6158.jpg,0
Cat\6159.jpg,0
Cat\6160.jpg,0
Cat\6161.jpg,0
Cat\6162.jpg,0
Cat\6163.jpg,0
Cat\6164.jpg,0
Cat\6165.jpg,0
Cat\6166.jpg,0
Cat\6167.jpg,0
Cat\6168.jpg,0
Cat\6169.jpg,0
Cat\6170.jpg,0
Cat\6171.jpg,0
Cat\6172.jpg,0
Cat\6173.jpg,0
Cat\6174.jpg,0
Cat\6175.jpg,0
Cat\6176.jpg,0
Cat\6177.jpg,0
Cat\6178.jpg,0
Cat\6179.jpg,0
Cat\6180.jpg,0
Cat\6181.jpg,0
Cat\6182.jpg,0
Cat\6183.jpg,0
Cat\6184.jpg,0
Cat\6185.jpg,0
Cat\6186.jpg,0
Cat\6187.jpg,0
Cat\6188.jpg,0
Cat\6189.jpg,0
Cat\6190.jpg,0
Cat\6191.jpg,0
Cat\6192.jpg,0
Cat\6193.jpg,0
Cat\6194.jpg,0
Cat\6195.jpg,0
Cat\6196.jpg,0
Cat\6197.jpg,0
Cat\6198.jpg,0
Cat\6199.jpg,0
Cat\6200.jpg,0
Cat\6201.jpg,0
Cat\6202.jpg,0
Cat\6203.jpg,0
Cat\6204.jpg,0
Cat\6205.jpg,0
Cat\6206.jpg,0
Cat\6207.jpg,0
Cat\6208.jpg,0
Cat\6209.jpg,0
Cat\6210.jpg,0
Cat\6211.jpg,0
Cat\6212.jpg,0
Cat\6213.jpg,0
Cat\6214.jpg,0
Cat\6215.jpg,0
Cat\6216.jpg,0
Cat\6217.jpg,0
Cat\6218.jpg,0
Cat\6219.jpg,0
Cat\6220.jpg,0
Cat\6221.jpg,0
Cat\6222.jpg,0
Cat\6223.jpg,0
Cat\6224.jpg,0
Cat\6225.jpg,0
Cat\6226.jpg,0
Cat\6227.jpg,0
Cat\6228.jpg,0
Cat\6229.jpg,0
Cat\6230.jpg,0
Cat\6231.jpg,0
Cat\6232.jpg,0
Cat\6233.jpg,0
Cat\6234.jpg,0
Cat\6235.jpg,0
Cat\6236.jpg,0
Cat\6237.jpg,0
Cat\6238.jpg,0
Cat\6239.jpg,0
Cat\6240.jpg,0
Cat\6241.jpg,0
Cat\6242.jpg,0
Cat\6243.jpg,0
Cat\6244.jpg,0
Cat\6245.jpg,0
Cat\6246.jpg,0
Cat\6247.jpg,0
Cat\6248.jpg,0
Cat\6249.jpg,0
Cat\6250.jpg,0
Cat\6251.jpg,0
Cat\6252.jpg,0
Cat\6253.jpg,0
Cat\6254.jpg,0
Cat\6255.jpg,0
Cat\6256.jpg,0
Cat\6257.jpg,0
Cat\6258.jpg,0
Cat\6259.jpg,0
Cat\6260.jpg,0
Cat\6261.jpg,0
Cat\6262.jpg,0
Cat\6263.jpg,0
Cat\6264.jpg,0
Cat\6265.jpg,0
Cat\6266.jpg,0
Cat\6267.jpg,0
Cat\6268.jpg,0
Cat\6269.jpg,0
Cat\6270.jpg,0
Cat\6271.jpg,0
Cat\6272.jpg,0
Cat\6273.jpg,0
Cat\6274.jpg,0
Cat\6275.jpg,0
Cat\6276.jpg,0
Cat\6277.jpg,0
Cat\6278.jpg,0
Cat\6279.jpg,0
Cat\6280.jpg,0
Cat\6281.jpg,0
Cat\6282.jpg,0
Cat\6283.jpg,0
Cat\6284.jpg,0
Cat\6285.jpg,0
Cat\6286.jpg,0
Cat\6287.jpg,0
Cat\6288.jpg,0
Cat\6289.jpg,0
Cat\6290.jpg,0
Cat\6291.jpg,0
Cat\6292.jpg,0
Cat\6293.jpg,0
Cat\6294.jpg,0
Cat\6295.jpg,0
Cat\6296.jpg,0
Cat\6297.jpg,0
Cat\6298.jpg,0
Cat\6299.jpg,0
Cat\6300.jpg,0
Cat\6301.jpg,0
Cat\6302.jpg,0
Cat\6303.jpg,0
Cat\6304.jpg,0
Cat\6305.jpg,0
Cat\6306.jpg,0
Cat\6307.jpg,0
Cat\6308.jpg,0
Cat\6309.jpg,0
Cat\6310.jpg,0
Cat\6311.jpg,0
Cat\6312.jpg,0
Cat\6313.jpg,0
Cat\6314.jpg,0
Cat\6315.jpg,0
Cat\6316.jpg,0
Cat\6317.jpg,0
Cat\6318.jpg,0
Cat\6319.jpg,0
Cat\6320.jpg,0
Cat\6321.jpg,0
Cat\6322.jpg,0
Cat\6323.jpg,0
Cat\6324.jpg,0
Cat\6325.jpg,0
Cat\6326.jpg,0
Cat\6327.jpg,0
Cat\6328.jpg,0
Cat\6329.jpg,0
Cat\6330.jpg,0
Cat\6331.jpg,0
Cat\6332.jpg,0
Cat\6333.jpg,0
Cat\6334.jpg,0
Cat\6335.jpg,0
Cat\6336.jpg,0
Cat\6337.jpg,0
Cat\6338.jpg,0
Cat\6339.jpg,0
Cat\6340.jpg,0
Cat\6341.jpg,0
Cat\6342.jpg,0
Cat\6343.jpg,0
Cat\6344.jpg,0
Cat\6345.jpg,0
Cat\6346.jpg,0
Cat\6347.jpg,0
Cat\6348.jpg,0
Cat\6349.jpg,0
Cat\6350.jpg,0
Cat\6351.jpg,0
Cat\6352.jpg,0
Cat\6353.jpg,0
Cat\6354.jpg,0
Cat\6355.jpg,0
Cat\6356.jpg,0
Cat\6357.jpg,0
Cat\6358.jpg,0
Cat\6359.jpg,0
Cat\6360.jpg,0
Cat\6361.jpg,0
Cat\6362.jpg,0
Cat\6363.jpg,0
Cat\6364.jpg,0
Cat\6365.jpg,0
Cat\6366.jpg,0
Cat\6367.jpg,0
Cat\6368.jpg,0
Cat\6369.jpg,0
Cat\6370.jpg,0
Cat\6371.jpg,0
Cat\6372.jpg,0
Cat\6373.jpg,0
Cat\6374.jpg,0
Cat\6375.jpg,0
Cat\6376.jpg,0
Cat\6377.jpg,0
Cat\6378.jpg,0
Cat\6379.jpg,0
Cat\6380.jpg,0
Cat\6381.jpg,0
Cat\6382.jpg,0
Cat\6383.jpg,0
Cat\6384.jpg,0
Cat\6385.jpg,0
Cat\6386.jpg,0
Cat\6387.jpg,0
Cat\6388.jpg,0
Cat\6389.jpg,0
Cat\6390.jpg,0
Cat\6391.jpg,0
Cat\6392.jpg,0
Cat\6393.jpg,0
Cat\6394.jpg,0
Cat\6395.jpg,0
Cat\6396.jpg,0
Cat\6397.jpg,0
Cat\6398.jpg,0
Cat\6399.jpg,0
Cat\6400.jpg,0
Cat\6401.jpg,0
Cat\6402.jpg,0
Cat\6403.jpg,0
Cat\6404.jpg,0
Cat\6405.jpg,0
Cat\6406.jpg,0
Cat\6407.jpg,0
Cat\6408.jpg,0
Cat\6409.jpg,0
Cat\6410.jpg,0
Cat\6411.jpg,0
Cat\6412.jpg,0
Cat\6413.jpg,0
Cat\6414.jpg,0
Cat\6415.jpg,0
Cat\6416.jpg,0
Cat\6417.jpg,0
Cat\6418.jpg,0
Cat\6419.jpg,0
Cat\6420.jpg,0
Cat\6421.jpg,0
Cat\6422.jpg,0
Cat\6423.jpg,0
Cat\6424.jpg,0
Cat\6425.jpg,0
Cat\6426.jpg,0
Cat\6427.jpg,0
Cat\6428.jpg,0
Cat\6429.jpg,0
Cat\6430.jpg,0
Cat\6431.jpg,0
Cat\6432.jpg,0
Cat\6433.jpg,0
Cat\6434.jpg,0
Cat\6435.jpg,0
Cat\6436.jpg,0
Cat\6437.jpg,0
Cat\6438.jpg,0
Cat\6439.jpg,0
Cat\6440.jpg,0
Cat\6441.jpg,0
Cat\6442.jpg,0
Cat\6443.jpg,0
Cat\6444.jpg,0
Cat\6445.jpg,0
Cat\6446.jpg,0
Cat\6447.jpg,0
Cat\6448.jpg,0
Cat\6449.jpg,0
Cat\6450.jpg,0
Cat\6451.jpg,0
Cat\6452.jpg,0
Cat\6453.jpg,0
Cat\6454.jpg,0
Cat\6455.jpg,0
Cat\6456.jpg,0
Cat\6457.jpg,0
Cat\6458.jpg,0
Cat\6459.jpg,0
Cat\6460.jpg,0
Cat\6461.jpg,0
Cat\6462.jpg,0
Cat\6463.jpg,0
Cat\6464.jpg,0
Cat\6465.jpg,0
Cat\6466.jpg,0
Cat\6467.jpg,0
Cat\6468.jpg,0
Cat\6469.jpg,0
Cat\6470.jpg,0
Cat\6471.jpg,0
Cat\6472.jpg,0
Cat\6473.jpg,0
Cat\6474.jpg,0
Cat\6475.jpg,0
Cat\6476.jpg,0
Cat\6477.jpg,0
Cat\6478.jpg,0
Cat\6479.jpg,0
Cat\6480.jpg,0
Cat\6481.jpg,0
Cat\6482.jpg,0
Cat\6483.jpg,0
Cat\6484.jpg,0
Cat\6485.jpg,0
Cat\6486.jpg,0
Cat\6487.jpg,0
Cat\6488.jpg,0
Cat\6489.jpg,0
Cat\6490.jpg,0
Cat\6491.jpg,0
Cat\6492.jpg,0
Cat\6493.jpg,0
Cat\6494.jpg,0
Cat\6495.jpg,0
Cat\6496.jpg,0
Cat\6497.jpg,0
Cat\6498.jpg,0
Cat\6499.jpg,0
Cat\6500.jpg,0
Cat\6501.jpg,0
Cat\6502.jpg,0
Cat\6503.jpg,0
Cat\6504.jpg,0
Cat\6505.jpg,0
Cat\6506.jpg,0
Cat\6507.jpg,0
Cat\6508.jpg,0
Cat\6509.jpg,0
Cat\6510.jpg,0
Cat\6511.jpg,0
Cat\6512.jpg,0
Cat\6513.jpg,0
Cat\6514.jpg,0
Cat\6515.jpg,0
Cat\6516.jpg,0
Cat\6517.jpg,0
Cat\6518.jpg,0
Cat\6519.jpg,0
Cat\6520.jpg,0
Cat\6521.jpg,0
Cat\6522.jpg,0
Cat\6523.jpg,0
Cat\6524.jpg,0
Cat\6525.jpg,0
Cat\6526.jpg,0
Cat\6527.jpg,0
Cat\6528.jpg,0
Cat\6529.jpg,0
Cat\6530.jpg,0
Cat\6531.jpg,0
Cat\6532.jpg,0
Cat\6533.jpg,0
Cat\6534.jpg,0
Cat\6535.jpg,0
Cat\6536.jpg,0
Cat\6537.jpg,0
Cat\6538.jpg,0
Cat\6539.jpg,0
Cat\6540.jpg,0
Cat\6541.jpg,0
Cat\6542.jpg,0
Cat\6543.jpg,0
Cat\6544.jpg,0
Cat\6545.jpg,0
Cat\6546.jpg,0
Cat\6547.jpg,0
Cat\6548.jpg,0
Cat\6549.jpg,0
Cat\6550.jpg,0
Cat\6551.jpg,0
Cat\6552.jpg,0
Cat\6553.jpg,0
Cat\6554.jpg,0
Cat\6555.jpg,0
Cat\6556.jpg,0
Cat\6557.jpg,0
Cat\6558.jpg,0
Cat\6559.jpg,0
Cat\6560.jpg,0
Cat\6561.jpg,0
Cat\6562.jpg,0
Cat\6563.jpg,0
Cat\6564.jpg,0
Cat\6565.jpg,0
Cat\6566.jpg,0
Cat\6567.jpg,0
Cat\6568.jpg,0
Cat\6569.jpg,0
Cat\6570.jpg,0
Cat\6571.jpg,0
Cat\6572.jpg,0
Cat\6573.jpg,0
Cat\6574.jpg,0
Cat\6575.jpg,0
Cat\6576.jpg,0
Cat\6577.jpg,0
Cat\6578.jpg,0
Cat\6579.jpg,0
Cat\6580.jpg,0
Cat\6581.jpg,0
Cat\6582.jpg,0
Cat\6583.jpg,0
Cat\6584.jpg,0
Cat\6585.jpg,0
Cat\6586.jpg,0
Cat\6587.jpg,0
Cat\6588.jpg,0
Cat\6589.jpg,0
Cat\6590.jpg,0
Cat\6591.jpg,0
Cat\6592.jpg,0
Cat\6593.jpg,0
Cat\6594.jpg,0
Cat\6595.jpg,0
Cat\6596.jpg,0
Cat\6597.jpg,0
Cat\6598.jpg,0
Cat\6599.jpg,0
Cat\6600.jpg,0
Cat\6601.jpg,0
Cat\6602.jpg,0
Cat\6603.jpg,0
Cat\6604.jpg,0
Cat\6605.jpg,0
Cat\6606.jpg,0
Cat\6607.jpg,0
Cat\6608.jpg,0
Cat\6609.jpg,0
Cat\6610.jpg,0
Cat\6611.jpg,0
Cat\6612.jpg,0
Cat\6613.jpg,0
Cat\6614.jpg,0
Cat\6615.jpg,0
Cat\6616.jpg,0
Cat\6617.jpg,0
Cat\6618.jpg,0
Cat\6619.jpg,0
Cat\6620.jpg,0
Cat\6621.jpg,0
Cat\6622.jpg,0
Cat\6623.jpg,0
Cat\6624.jpg,0
Cat\6625.jpg,0
Cat\6626.jpg,0
Cat\6627.jpg,0
Cat\6628.jpg,0
Cat\6629.jpg,0
Cat\6630.jpg,0
Cat\6631.jpg,0
Cat\6632.jpg,0
Cat\6633.jpg,0
Cat\6634.jpg,0
Cat\6635.jpg,0
Cat\6636.jpg,0
Cat\6637.jpg,0
Cat\6638.jpg,0
Cat\6639.jpg,0
Cat\6640.jpg,0
Cat\6641.jpg,0
Cat\6642.jpg,0
Cat\6643.jpg,0
Cat\6644.jpg,0
Cat\6645.jpg,0
Cat\6646.jpg,0
Cat\6647.jpg,0
Cat\6648.jpg,0
Cat\6649.jpg,0
Cat\6650.jpg,0
Cat\6651.jpg,0
Cat\6652.jpg,0
Cat\6653.jpg,0
Cat\6654.jpg,0
Cat\6655.jpg,0
Cat\6656.jpg,0
Cat\6657.jpg,0
Cat\6658.jpg,0
Cat\6659.jpg,0
Cat\6660.jpg,0
Cat\6661.jpg,0
Cat\6662.jpg,0
Cat\6663.jpg,0
Cat\6664.jpg,0
Cat\6665.jpg,0
Cat\6666.jpg,0
Cat\6667.jpg,0
Cat\6668.jpg,0
Cat\6669.jpg,0
Cat\6670.jpg,0
Cat\6671.jpg,0
Cat\6672.jpg,0
Cat\6673.jpg,0
Cat\6674.jpg,0
Cat\6675.jpg,0
Cat\6676.jpg,0
Cat\6677.jpg,0
Cat\6678.jpg,0
Cat\6679.jpg,0
Cat\6680.jpg,0
Cat\6681.jpg,0
Cat\6682.jpg,0
Cat\6683.jpg,0
Cat\6684.jpg,0
Cat\6685.jpg,0
Cat\6686.jpg,0
Cat\6687.jpg,0
Cat\6688.jpg,0
Cat\6689.jpg,0
Cat\6690.jpg,0
Cat\6691.jpg,0
Cat\6692.jpg,0
Cat\6693.jpg,0
Cat\6694.jpg,0
Cat\6695.jpg,0
Cat\6696.jpg,0
Cat\6697.jpg,0
Cat\6698.jpg,0
Cat\6699.jpg,0
Cat\6700.jpg,0
Cat\6701.jpg,0
Cat\6702.jpg,0
Cat\6703.jpg,0
Cat\6704.jpg,0
Cat\6705.jpg,0
Cat\6706.jpg,0
Cat\6707.jpg,0
Cat\6708.jpg,0
Cat\6709.jpg,0
Cat\6710.jpg,0
Cat\6711.jpg,0
Cat\6712.jpg,0
Cat\6713.jpg,0
Cat\6714.jpg,0
Cat\6715.jpg,0
Cat\6716.jpg,0
Cat\6717.jpg,0
Cat\6718.jpg,0
Cat\6719.jpg,0
Cat\6720.jpg,0
Cat\6721.jpg,0
Cat\6722.jpg,0
Cat\6723.jpg,0
Cat\6724.jpg,0
Cat\6725.jpg,0
Cat\6726.jpg,0
Cat\6727.jpg,0
Cat\6728.jpg,0
Cat\6729.jpg,0
Cat\6730.jpg,0
Cat\6731.jpg,0
Cat\6732.jpg,0
Cat\6733.jpg,0
Cat\6734.jpg,0
Cat\6735.jpg,0
Cat\6736.jpg,0
Cat\6737.jpg,0
Cat\6738.jpg,0
Cat\6739.jpg,0
Cat\6740.jpg,0
Cat\6741.jpg,0
Cat\6742.jpg,0
Cat\6743.jpg,0
Cat\6744.jpg,0
Cat\6745.jpg,0
Cat\6746.jpg,0
Cat\6747.jpg,0
Cat\6748.jpg,0
Cat\6749.jpg,0
Cat\6750.jpg,0
Cat\6751.jpg,0
Cat\6752.jpg,0
Cat\6753.jpg,0
Cat\6754.jpg,0
Cat\6755.jpg,0
Cat\6756.jpg,0
Cat\6757.jpg,0
Cat\6758.jpg,0
Cat\6759.jpg,0
Cat\6760.jpg,0
Cat\6761.jpg,0
Cat\6762.jpg,0
Cat\6763.jpg,0
Cat\6764.jpg,0
Cat\6765.jpg,0
Cat\6766.jpg,0
Cat\6767.jpg,0
Cat\6768.jpg,0
Cat\6769.jpg,0
Cat\6770.jpg,0
Cat\6771.jpg,0
Cat\6772.jpg,0
Cat\6773.jpg,0
Cat\6774.jpg,0
Cat\6775.jpg,0
Cat\6776.jpg,0
Cat\6777.jpg,0
Cat\6778.jpg,0
Cat\6779.jpg,0
Cat\6780.jpg,0
Cat\6781.jpg,0
Cat\6782.jpg,0
Cat\6783.jpg,0
Cat\6784.jpg,0
Cat\6785.jpg,0
Cat\6786.jpg,0
Cat\6787.jpg,0
Cat\6788.jpg,0
Cat\6789.jpg,0
Cat\6790.jpg,0
Cat\6791.jpg,0
Cat\6792.jpg,0
Cat\6793.jpg,0
Cat\6794.jpg,0
Cat\6795.jpg,0
Cat\6796.jpg,0
Cat\6797.jpg,0
Cat\6798.jpg,0
Cat\6799.jpg,0
Cat\6800.jpg,0
Cat\6801.jpg,0
Cat\6802.jpg,0
Cat\6803.jpg,0
Cat\6804.jpg,0
Cat\6805.jpg,0
Cat\6806.jpg,0
Cat\6807.jpg,0
Cat\6808.jpg,0
Cat\6809.jpg,0
Cat\6810.jpg,0
Cat\6811.jpg,0
Cat\6812.jpg,0
Cat\6813.jpg,0
Cat\6814.jpg,0
Cat\6815.jpg,0
Cat\6816.jpg,0
Cat\6817.jpg,0
Cat\6818.jpg,0
Cat\6819.jpg,0
Cat\6820.jpg,0
Cat\6821.jpg,0
Cat\6822.jpg,0
Cat\6823.jpg,0
Cat\6824.jpg,0
Cat\6825.jpg,0
Cat\6826.jpg,0
Cat\6827.jpg,0
Cat\6828.jpg,0
Cat\6829.jpg,0
Cat\6830.jpg,0
Cat\6831.jpg,0
Cat\6832.jpg,0
Cat\6833.jpg,0
Cat\6834.jpg,0
Cat\6835.jpg,0
Cat\6836.jpg,0
Cat\6837.jpg,0
Cat\6838.jpg,0
Cat\6839.jpg,0
Cat\6840.jpg,0
Cat\6841.jpg,0
Cat\6842.jpg,0
Cat\6843.jpg,0
Cat\6844.jpg,0
Cat\6845.jpg,0
Cat\6846.jpg,0
Cat\6847.jpg,0
Cat\6848.jpg,0
Cat\6849.jpg,0
Cat\6850.jpg,0
Cat\6851.jpg,0
Cat\6852.jpg,0
Cat\6853.jpg,0
Cat\6854.jpg,0
Cat\6855.jpg,0
Cat\6856.jpg,0
Cat\6857.jpg,0
Cat\6858.jpg,0
Cat\6859.jpg,0
Cat\6860.jpg,0
Cat\6861.jpg,0
Cat\6862.jpg,0
Cat\6863.jpg,0
Cat\6864.jpg,0
Cat\6865.jpg,0
Cat\6866.jpg,0
Cat\6867.jpg,0
Cat\6868.jpg,0
Cat\6869.jpg,0
Cat\6870.jpg,0
Cat\6871.jpg,0
Cat\6872.jpg,0
Cat\6873.jpg,0
Cat\6874.jpg,0
Cat\6875.jpg,0
Cat\6876.jpg,0
Cat\6877.jpg,0
Cat\6878.jpg,0
Cat\6879.jpg,0
Cat\6880.jpg,0
Cat\6881.jpg,0
Cat\6882.jpg,0
Cat\6883.jpg,0
Cat\6884.jpg,0
Cat\6885.jpg,0
Cat\6886.jpg,0
Cat\6887.jpg,0
Cat\6888.jpg,0
Cat\6889.jpg,0
Cat\6890.jpg,0
Cat\6891.jpg,0
Cat\6892.jpg,0
Cat\6893.jpg,0
Cat\6894.jpg,0
Cat\6895.jpg,0
Cat\6896.jpg,0
Cat\6897.jpg,0
Cat\6898.jpg,0
Cat\6899.jpg,0
Cat\6900.jpg,0
Cat\6901.jpg,0
Cat\6902.jpg,0
Cat\6903.jpg,0
Cat\6904.jpg,0
Cat\6905.jpg,0
Cat\6906.jpg,0
Cat\6907.jpg,0
Cat\6908.jpg,0
Cat\6909.jpg,0
Cat\6910.jpg,0
Cat\6911.jpg,0
Cat\6912.jpg,0
Cat\6913.jpg,0
Cat\6914.jpg,0
Cat\6915.jpg,0
Cat\6916.jpg,0
Cat\6917.jpg,0
Cat\6918.jpg,0
Cat\6919.jpg,0
Cat\6920.jpg,0
Cat\6921.jpg,0
Cat\6922.jpg,0
Cat\6923.jpg,0
Cat\6924.jpg,0
Cat\6925.jpg,0
Cat\6926.jpg,0
Cat\6927.jpg,0
Cat\6928.jpg,0
Cat\6929.jpg,0
Cat\6930.jpg,0
Cat\6931.jpg,0
Cat\6932.jpg,0
Cat\6933.jpg,0
Cat\6934.jpg,0
Cat\6935.jpg,0
Cat\6936.jpg,0
Cat\6937.jpg,0
Cat\6938.jpg,0
Cat\6939.jpg,0
Cat\6940.jpg,0
Cat\6941.jpg,0
Cat\6942.jpg,0
Cat\6943.jpg,0
Cat\6944.jpg,0
Cat\6945.jpg,0
Cat\6946.jpg,0
Cat\6947.jpg,0
Cat\6948.jpg,0
Cat\6949.jpg,0
Cat\6950.jpg,0
Cat\6951.jpg,0
Cat\6952.jpg,0
Cat\6953.jpg,0
Cat\6954.jpg,0
Cat\6955.jpg,0
Cat\6956.jpg,0
Cat\6957.jpg,0
Cat\6958.jpg,0
Cat\6959.jpg,0
Cat\6960.jpg,0
Cat\6961.jpg,0
Cat\6962.jpg,0
Cat\6963.jpg,0
Cat\6964.jpg,0
Cat\6965.jpg,0
Cat\6966.jpg,0
Cat\6967.jpg,0
Cat\6968.jpg,0
Cat\6969.jpg,0
Cat\6970.jpg,0
Cat\6971.jpg,0
Cat\6972.jpg,0
Cat\6973.jpg,0
Cat\6974.jpg,0
Cat\6975.jpg,0
Cat\6976.jpg,0
Cat\6977.jpg,0
Cat\6978.jpg,0
Cat\6979.jpg,0
Cat\6980.jpg,0
Cat\6981.jpg,0
Cat\6982.jpg,0
Cat\6983.jpg,0
Cat\6984.jpg,0
Cat\6985.jpg,0
Cat\6986.jpg,0
Cat\6987.jpg,0
Cat\6988.jpg,0
Cat\6989.jpg,0
Cat\6990.jpg,0
Cat\6991.jpg,0
Cat\6992.jpg,0
Cat\6993.jpg,0
Cat\6994.jpg,0
Cat\6995.jpg,0
Cat\6996.jpg,0
Cat\6997.jpg,0
Cat\6998.jpg,0
Cat\6999.jpg,0
Cat\7000.jpg,0
Cat\7001.jpg,0
Cat\7002.jpg,0
Cat\7003.jpg,0
Cat\7004.jpg,0
Cat\7005.jpg,0
Cat\7006.jpg,0
Cat\7007.jpg,0
Cat\7008.jpg,0
Cat\7009.jpg,0
Cat\7010.jpg,0
Cat\7011.jpg,0
Cat\7012.jpg,0
Cat\7013.jpg,0
Cat\7014.jpg,0
Cat\7015.jpg,0
Cat\7016.jpg,0
Cat\7017.jpg,0
Cat\7018.jpg,0
Cat\7019.jpg,0
Cat\7020.jpg,0
Cat\7021.jpg,0
Cat\7022.jpg,0
Cat\7023.jpg,0
Cat\7024.jpg,0
Cat\7025.jpg,0
Cat\7026.jpg,0
Cat\7027.jpg,0
Cat\7028.jpg,0
Cat\7029.jpg,0
Cat\7030.jpg,0
Cat\7031.jpg,0
Cat\7032.jpg,0
Cat\7033.jpg,0
Cat\7034.jpg,0
Cat\7035.jpg,0
Cat\7036.jpg,0
Cat\7037.jpg,0
Cat\7038.jpg,0
Cat\7039.jpg,0
Cat\7040.jpg,0
Cat\7041.jpg,0
Cat\7042.jpg,0
Cat\7043.jpg,0
Cat\7044.jpg,0
Cat\7045.jpg,0
Cat\7046.jpg,0
Cat\7047.jpg,0
Cat\7048.jpg,0
Cat\7049.jpg,0
Cat\7050.jpg,0
Cat\7051.jpg,0
Cat\7052.jpg,0
Cat\7053.jpg,0
Cat\7054.jpg,0
Cat\7055.jpg,0
Cat\7056.jpg,0
Cat\7057.jpg,0
Cat\7058.jpg,0
Cat\7059.jpg,0
Cat\7060.jpg,0
Cat\7061.jpg,0
Cat\7062.jpg,0
Cat\7063.jpg,0
Cat\7064.jpg,0
Cat\7065.jpg,0
Cat\7066.jpg,0
Cat\7067.jpg,0
Cat\7068.jpg,0
Cat\7069.jpg,0
Cat\7070.jpg,0
Cat\7071.jpg,0
Cat\7072.jpg,0
Cat\7073.jpg,0
Cat\7074.jpg,0
Cat\7075.jpg,0
Cat\7076.jpg,0
Cat\7077.jpg,0
Cat\7078.jpg,0
Cat\7079.jpg,0
Cat\7080.jpg,0
Cat\7081.jpg,0
Cat\7082.jpg,0
Cat\7083.jpg,0
Cat\7084.jpg,0
Cat\7085.jpg,0
Cat\7086.jpg,0
Cat\7087.jpg,0
Cat\7088.jpg,0
Cat\7089.jpg,0
Cat\7090.jpg,0
Cat\7091.jpg,0
Cat\7092.jpg,0
Cat\7093.jpg,0
Cat\7094.jpg,0
Cat\7095.jpg,0
Cat\7096.jpg,0
Cat\7097.jpg,0
Cat\7098.jpg,0
Cat\7099.jpg,0
Cat\7100.jpg,0
Cat\7101.jpg,0
Cat\7102.jpg,0
Cat\7103.jpg,0
Cat\7104.jpg,0
Cat\7105.jpg,0
Cat\7106.jpg,0
Cat\7107.jpg,0
Cat\7108.jpg,0
Cat\7109.jpg,0
Cat\7110.jpg,0
Cat\7111.jpg,0
Cat\7112.jpg,0
Cat\7113.jpg,0
Cat\7114.jpg,0
Cat\7115.jpg,0
Cat\7116.jpg,0
Cat\7117.jpg,0
Cat\7118.jpg,0
Cat\7119.jpg,0
Cat\7120.jpg,0
Cat\7121.jpg,0
Cat\7122.jpg,0
Cat\7123.jpg,0
Cat\7124.jpg,0
Cat\7125.jpg,0
Cat\7126.jpg,0
Cat\7127.jpg,0
Cat\7128.jpg,0
Cat\7129.jpg,0
Cat\7130.jpg,0
Cat\7131.jpg,0
Cat\7132.jpg,0
Cat\7133.jpg,0
Cat\7134.jpg,0
Cat\7135.jpg,0
Cat\7136.jpg,0
Cat\7137.jpg,0
Cat\7138.jpg,0
Cat\7139.jpg,0
Cat\7140.jpg,0
Cat\7141.jpg,0
Cat\7142.jpg,0
Cat\7143.jpg,0
Cat\7144.jpg,0
Cat\7145.jpg,0
Cat\7146.jpg,0
Cat\7147.jpg,0
Cat\7148.jpg,0
Cat\7149.jpg,0
Cat\7150.jpg,0
Cat\7151.jpg,0
Cat\7152.jpg,0
Cat\7153.jpg,0
Cat\7154.jpg,0
Cat\7155.jpg,0
Cat\7156.jpg,0
Cat\7157.jpg,0
Cat\7158.jpg,0
Cat\7159.jpg,0
Cat\7160.jpg,0
Cat\7161.jpg,0
Cat\7162.jpg,0
Cat\7163.jpg,0
Cat\7164.jpg,0
Cat\7165.jpg,0
Cat\7166.jpg,0
Cat\7167.jpg,0
Cat\7168.jpg,0
Cat\7169.jpg,0
Cat\7170.jpg,0
Cat\7171.jpg,0
Cat\7172.jpg,0
Cat\7173.jpg,0
Cat\7174.jpg,0
Cat\7175.jpg,0
Cat\7176.jpg,0
Cat\7177.jpg,0
Cat\7178.jpg,0
Cat\7179.jpg,0
Cat\7180.jpg,0
Cat\7181.jpg,0
Cat\7182.jpg,0
Cat\7183.jpg,0
Cat\7184.jpg,0
Cat\7185.jpg,0
Cat\7186.jpg,0
Cat\7187.jpg,0
Cat\7188.jpg,0
Cat\7189.jpg,0
Cat\7190.jpg,0
Cat\7191.jpg,0
Cat\7192.jpg,0
Cat\7193.jpg,0
Cat\7194.jpg,0
Cat\7195.jpg,0
Cat\7196.jpg,0
Cat\7197.jpg,0
Cat\7198.jpg,0
Cat\7199.jpg,0
Cat\7200.jpg,0
Cat\7201.jpg,0
Cat\7202.jpg,0
Cat\7203.jpg,0
Cat\7204.jpg,0
Cat\7205.jpg,0
Cat\7206.jpg,0
Cat\7207.jpg,0
Cat\7208.jpg,0
Cat\7209.jpg,0
Cat\7210.jpg,0
Cat\7211.jpg,0
Cat\7212.jpg,0
Cat\7213.jpg,0
Cat\7214.jpg,0
Cat\7215.jpg,0
Cat\7216.jpg,0
Cat\7217.jpg,0
Cat\7218.jpg,0
Cat\7219.jpg,0
Cat\7220.jpg,0
Cat\7221.jpg,0
Cat\7222.jpg,0
Cat\7223.jpg,0
Cat\7224.jpg,0
Cat\7225.jpg,0
Cat\7226.jpg,0
Cat\7227.jpg,0
Cat\7228.jpg,0
Cat\7229.jpg,0
Cat\7230.jpg,0
Cat\7231.jpg,0
Cat\7232.jpg,0
Cat\7233.jpg,0
Cat\7234.jpg,0
Cat\7235.jpg,0
Cat\7236.jpg,0
Cat\7237.jpg,0
Cat\7238.jpg,0
Cat\7239.jpg,0
Cat\7240.jpg,0
Cat\7241.jpg,0
Cat\7242.jpg,0
Cat\7243.jpg,0
Cat\7244.jpg,0
Cat\7245.jpg,0
Cat\7246.jpg,0
Cat\7247.jpg,0
Cat\7248.jpg,0
Cat\7249.jpg,0
Cat\7250.jpg,0
Cat\7251.jpg,0
Cat\7252.jpg,0
Cat\7253.jpg,0
Cat\7254.jpg,0
Cat\7255.jpg,0
Cat\7256.jpg,0
Cat\7257.jpg,0
Cat\7258.jpg,0
Cat\7259.jpg,0
Cat\7260.jpg,0
Cat\7261.jpg,0
Cat\7262.jpg,0
Cat\7263.jpg,0
Cat\7264.jpg,0
Cat\7265.jpg,0
Cat\7266.jpg,0
Cat\7267.jpg,0
Cat\7268.jpg,0
Cat\7269.jpg,0
Cat\7270.jpg,0
Cat\7271.jpg,0
Cat\7272.jpg,0
Cat\7273.jpg,0
Cat\7274.jpg,0
Cat\7275.jpg,0
Cat\7276.jpg,0
Cat\7277.jpg,0
Cat\7278.jpg,0
Cat\7279.jpg,0
Cat\7280.jpg,0
Cat\7281.jpg,0
Cat\7282.jpg,0
Cat\7283.jpg,0
Cat\7284.jpg,0
Cat\7285.jpg,0
Cat\7286.jpg,0
Cat\7287.jpg,0
Cat\7288.jpg,0
Cat\7289.jpg,0
Cat\7290.jpg,0
Cat\7291.jpg,0
Cat\7292.jpg,0
Cat\7293.jpg,0
Cat\7294.jpg,0
Cat\7295.jpg,0
Cat\7296.jpg,0
Cat\7297.jpg,0
Cat\7298.jpg,0
Cat\7299.jpg,0
Cat\7300.jpg,0
Cat\7301.jpg,0
Cat\7302.jpg,0
Cat\7303.jpg,0
Cat\7304.jpg,0
Cat\7305.jpg,0
Cat\7306.jpg,0
Cat\7307.jpg,0
Cat\7308.jpg,0
Cat\7309.jpg,0
Cat\7310.jpg,0
Cat\7311.jpg,0
Cat\7312.jpg,0
Cat\7313.jpg,0
Cat\7314.jpg,0
Cat\7315.jpg,0
Cat\7316.jpg,0
Cat\7317.jpg,0
Cat\7318.jpg,0
Cat\7319.jpg,0
Cat\7320.jpg,0
Cat\7321.jpg,0
Cat\7322.jpg,0
Cat\7323.jpg,0
Cat\7324.jpg,0
Cat\7325.jpg,0
Cat\7326.jpg,0
Cat\7327.jpg,0
Cat\7328.jpg,0
Cat\7329.jpg,0
Cat\7330.jpg,0
Cat\7331.jpg,0
Cat\7332.jpg,0
Cat\7333.jpg,0
Cat\7334.jpg,0
Cat\7335.jpg,0
Cat\7336.jpg,0
Cat\7337.jpg,0
Cat\7338.jpg,0
Cat\7339.jpg,0
Cat\7340.jpg,0
Cat\7341.jpg,0
Cat\7342.jpg,0
Cat\7343.jpg,0
Cat\7344.jpg,0
Cat\7345.jpg,0
Cat\7346.jpg,0
Cat\7347.jpg,0
Cat\7348.jpg,0
Cat\7349.jpg,0
Cat\7350.jpg,0
Cat\7351.jpg,0
Cat\7352.jpg,0
Cat\7353.jpg,0
Cat\7354.jpg,0
Cat\7355.jpg,0
Cat\7356.jpg,0
Cat\7357.jpg,0
Cat\7358.jpg,0
Cat\7359.jpg,0
Cat\7360.jpg,0
Cat\7361.jpg,0
Cat\7362.jpg,0
Cat\7363.jpg,0
Cat\7364.jpg,0
Cat\7365.jpg,0
Cat\7366.jpg,0
Cat\7367.jpg,0
Cat\7368.jpg,0
Cat\7369.jpg,0
Cat\7370.jpg,0
Cat\7371.jpg,0
Cat\7372.jpg,0
Cat\7373.jpg,0
Cat\7374.jpg,0
Cat\7375.jpg,0
Cat\7376.jpg,0
Cat\7377.jpg,0
Cat\7378.jpg,0
Cat\7379.jpg,0
Cat\7380.jpg,0
Cat\7381.jpg,0
Cat\7382.jpg,0
Cat\7383.jpg,0
Cat\7384.jpg,0
Cat\7385.jpg,0
Cat\7386.jpg,0
Cat\7387.jpg,0
Cat\7388.jpg,0
Cat\7389.jpg,0
Cat\7390.jpg,0
Cat\7391.jpg,0
Cat\7392.jpg,0
Cat\7393.jpg,0
Cat\7394.jpg,0
Cat\7395.jpg,0
Cat\7396.jpg,0
Cat\7397.jpg,0
Cat\7398.jpg,0
Cat\7399.jpg,0
Cat\7400.jpg,0
Cat\7401.jpg,0
Cat\7402.jpg,0
Cat\7403.jpg,0
Cat\7404.jpg,0
Cat\7405.jpg,0
Cat\7406.jpg,0
Cat\7407.jpg,0
Cat\7408.jpg,0
Cat\7409.jpg,0
Cat\7410.jpg,0
Cat\7411.jpg,0
Cat\7412.jpg,0
Cat\7413.jpg,0
Cat\7414.jpg,0
Cat\7415.jpg,0
Cat\7416.jpg,0
Cat\7417.jpg,0
Cat\7418.jpg,0
Cat\7419.jpg,0
Cat\7420.jpg,0
Cat\7421.jpg,0
Cat\7422.jpg,0
Cat\7423.jpg,0
Cat\7424.jpg,0
Cat\7425.jpg,0
Cat\7426.jpg,0
Cat\7427.jpg,0
Cat\7428.jpg,0
Cat\7429.jpg,0
Cat\7430.jpg,0
Cat\7431.jpg,0
Cat\7432.jpg,0
Cat\7433.jpg,0
Cat\7434.jpg,0
Cat\7435.jpg,0
Cat\7436.jpg,0
Cat\7437.jpg,0
Cat\7438.jpg,0
Cat\7439.jpg,0
Cat\7440.jpg,0
Cat\7441.jpg,0
Cat\7442.jpg,0
Cat\7443.jpg,0
Cat\7444.jpg,0
Cat\7445.jpg,0
Cat\7446.jpg,0
Cat\7447.jpg,0
Cat\7448.jpg,0
Cat\7449.jpg,0
Cat\7450.jpg,0
Cat\7451.jpg,0
Cat\7452.jpg,0
Cat\7453.jpg,0
Cat\7454.jpg,0
Cat\7455.jpg,0
Cat\7456.jpg,0
Cat\7457.jpg,0
Cat\7458.jpg,0
Cat\7459.jpg,0
Cat\7460.jpg,0
Cat\7461.jpg,0
Cat\7462.jpg,0
Cat\7463.jpg,0
Cat\7464.jpg,0
Cat\7465.jpg,0
Cat\7466.jpg,0
Cat\7467.jpg,0
Cat\7468.jpg,0
Cat\7469.jpg,0
Cat\7470.jpg,0
Cat\7471.jpg,0
Cat\7472.jpg,0
Cat\7473.jpg,0
Cat\7474.jpg,0
Cat\7475.jpg,0
Cat\7476.jpg,0
Cat\7477.jpg,0
Cat\7478.jpg,0
Cat\7479.jpg,0
Cat\7480.jpg,0
Cat\7481.jpg,0
Cat\7482.jpg,0
Cat\7483.jpg,0
Cat\7484.jpg,0
Cat\7485.jpg,0
Cat\7486.jpg,0
Cat\7487.jpg,0
Cat\7488.jpg,0
Cat\7489.jpg,0
Cat\7490.jpg,0
Cat\7491.jpg,0
Cat\7492.jpg,0
Cat\7493.jpg,0
Cat\7494.jpg,0
Cat\7495.jpg,0
Cat\7496.jpg,0
Cat\7497.jpg,0
Cat\7498.jpg,0
Cat\7499.jpg,0
Cat\7500.jpg,0
Cat\7501.jpg,0
Cat\7502.jpg,0
Cat\7503.jpg,0
Cat\7504.jpg,0
Cat\7505.jpg,0
Cat\7506.jpg,0
Cat\7507.jpg,0
Cat\7508.jpg,0
Cat\7509.jpg,0
Cat\7510.jpg,0
Cat\7511.jpg,0
Cat\7512.jpg,0
Cat\7513.jpg,0
Cat\7514.jpg,0
Cat\7515.jpg,0
Cat\7516.jpg,0
Cat\7517.jpg,0
Cat\7518.jpg,0
Cat\7519.jpg,0
Cat\7520.jpg,0
Cat\7521.jpg,0
Cat\7522.jpg,0
Cat\7523.jpg,0
Cat\7524.jpg,0
Cat\7525.jpg,0
Cat\7526.jpg,0
Cat\7527.jpg,0
Cat\7528.jpg,0
Cat\7529.jpg,0
Cat\7530.jpg,0
Cat\7531.jpg,0
Cat\7532.jpg,0
Cat\7533.jpg,0
Cat\7534.jpg,0
Cat\7535.jpg,0
Cat\7536.jpg,0
Cat\7537.jpg,0
Cat\7538.jpg,0
Cat\7539.jpg,0
Cat\7540.jpg,0
Cat\7541.jpg,0
Cat\7542.jpg,0
Cat\7543.jpg,0
Cat\7544.jpg,0
Cat\7545.jpg,0
Cat\7546.jpg,0
Cat\7547.jpg,0
Cat\7548.jpg,0
Cat\7549.jpg,0
Cat\7550.jpg,0
Cat\7551.jpg,0
Cat\7552.jpg,0
Cat\7553.jpg,0
Cat\7554.jpg,0
Cat\7555.jpg,0
Cat\7556.jpg,0
Cat\7557.jpg,0
Cat\7558.jpg,0
Cat\7559.jpg,0
Cat\7560.jpg,0
Cat\7561.jpg,0
Cat\7562.jpg,0
Cat\7563.jpg,0
Cat\7564.jpg,0
Cat\7565.jpg,0
Cat\7566.jpg,0
Cat\7567.jpg,0
Cat\7568.jpg,0
Cat\7569.jpg,0
Cat\7570.jpg,0
Cat\7571.jpg,0
Cat\7572.jpg,0
Cat\7573.jpg,0
Cat\7574.jpg,0
Cat\7575.jpg,0
Cat\7576.jpg,0
Cat\7577.jpg,0
Cat\7578.jpg,0
Cat\7579.jpg,0
Cat\7580.jpg,0
Cat\7581.jpg,0
Cat\7582.jpg,0
Cat\7583.jpg,0
Cat\7584.jpg,0
Cat\7585.jpg,0
Cat\7586.jpg,0
Cat\7587.jpg,0
Cat\7588.jpg,0
Cat\7589.jpg,0
Cat\7590.jpg,0
Cat\7591.jpg,0
Cat\7592.jpg,0
Cat\7593.jpg,0
Cat\7594.jpg,0
Cat\7595.jpg,0
Cat\7596.jpg,0
Cat\7597.jpg,0
Cat\7598.jpg,0
Cat\7599.jpg,0
Cat\7600.jpg,0
Cat\7601.jpg,0
Cat\7602.jpg,0
Cat\7603.jpg,0
Cat\7604.jpg,0
Cat\7605.jpg,0
Cat\7606.jpg,0
Cat\7607.jpg,0
Cat\7608.jpg,0
Cat\7609.jpg,0
Cat\7610.jpg,0
Cat\7611.jpg,0
Cat\7612.jpg,0
Cat\7613.jpg,0
Cat\7614.jpg,0
Cat\7615.jpg,0
Cat\7616.jpg,0
Cat\7617.jpg,0
Cat\7618.jpg,0
Cat\7619.jpg,0
Cat\7620.jpg,0
Cat\7621.jpg,0
Cat\7622.jpg,0
Cat\7623.jpg,0
Cat\7624.jpg,0
Cat\7625.jpg,0
Cat\7626.jpg,0
Cat\7627.jpg,0
Cat\7628.jpg,0
Cat\7629.jpg,0
Cat\7630.jpg,0
Cat\7631.jpg,0
Cat\7632.jpg,0
Cat\7633.jpg,0
Cat\7634.jpg,0
Cat\7635.jpg,0
Cat\7636.jpg,0
Cat\7637.jpg,0
Cat\7638.jpg,0
Cat\7639.jpg,0
Cat\7640.jpg,0
Cat\7641.jpg,0
Cat\7642.jpg,0
Cat\7643.jpg,0
Cat\7644.jpg,0
Cat\7645.jpg,0
Cat\7646.jpg,0
Cat\7647.jpg,0
Cat\7648.jpg,0
Cat\7649.jpg,0
Cat\7650.jpg,0
Cat\7651.jpg,0
Cat\7652.jpg,0
Cat\7653.jpg,0
Cat\7654.jpg,0
Cat\7655.jpg,0
Cat\7656.jpg,0
Cat\7657.jpg,0
Cat\7658.jpg,0
Cat\7659.jpg,0
Cat\7660.jpg,0
Cat\7661.jpg,0
Cat\7662.jpg,0
Cat\7663.jpg,0
Cat\7664.jpg,0
Cat\7665.jpg,0
Cat\7666.jpg,0
Cat\7667.jpg,0
Cat\7668.jpg,0
Cat\7669.jpg,0
Cat\7670.jpg,0
Cat\7671.jpg,0
Cat\7672.jpg,0
Cat\7673.jpg,0
Cat\7674.jpg,0
Cat\7675.jpg,0
Cat\7676.jpg,0
Cat\7677.jpg,0
Cat\7678.jpg,0
Cat\7679.jpg,0
Cat\7680.jpg,0
Cat\7681.jpg,0
Cat\7682.jpg,0
Cat\7683.jpg,0
Cat\7684.jpg,0
Cat\7685.jpg,0
Cat\7686.jpg,0
Cat\7687.jpg,0
Cat\7688.jpg,0
Cat\7689.jpg,0
Cat\7690.jpg,0
Cat\7691.jpg,0
Cat\7692.jpg,0
Cat\7693.jpg,0
Cat\7694.jpg,0
Cat\7695.jpg,0
Cat\7696.jpg,0
Cat\7697.jpg,0
Cat\7698.jpg,0
Cat\7699.jpg,0
Cat\7700.jpg,0
Cat\7701.jpg,0
Cat\7702.jpg,0
Cat\7703.jpg,0
Cat\7704.jpg,0
Cat\7705.jpg,0
Cat\7706.jpg,0
Cat\7707.jpg,0
Cat\7708.jpg,0
Cat\7709.jpg,0
Cat\7710.jpg,0
Cat\7711.jpg,0
Cat\7712.jpg,0
Cat\7713.jpg,0
Cat\7714.jpg,0
Cat\7715.jpg,0
Cat\7716.jpg,0
Cat\7717.jpg,0
Cat\7718.jpg,0
Cat\7719.jpg,0
Cat\7720.jpg,0
Cat\7721.jpg,0
Cat\7722.jpg,0
Cat\7723.jpg,0
Cat\7724.jpg,0
Cat\7725.jpg,0
Cat\7726.jpg,0
Cat\7727.jpg,0
Cat\7728.jpg,0
Cat\7729.jpg,0
Cat\7730.jpg,0
Cat\7731.jpg,0
Cat\7732.jpg,0
Cat\7733.jpg,0
Cat\7734.jpg,0
Cat\7735.jpg,0
Cat\7736.jpg,0
Cat\7737.jpg,0
Cat\7738.jpg,0
Cat\7739.jpg,0
Cat\7740.jpg,0
Cat\7741.jpg,0
Cat\7742.jpg,0
Cat\7743.jpg,0
Cat\7744.jpg,0
Cat\7745.jpg,0
Cat\7746.jpg,0
Cat\7747.jpg,0
Cat\7748.jpg,0
Cat\7749.jpg,0
Cat\7750.jpg,0
Cat\7751.jpg,0
Cat\7752.jpg,0
Cat\7753.jpg,0
Cat\7754.jpg,0
Cat\7755.jpg,0
Cat\7756.jpg,0
Cat\7757.jpg,0
Cat\7758.jpg,0
Cat\7759.jpg,0
Cat\7760.jpg,0
Cat\7761.jpg,0
Cat\7762.jpg,0
Cat\7763.jpg,0
Cat\7764.jpg,0
Cat\7765.jpg,0
Cat\7766.jpg,0
Cat\7767.jpg,0
Cat\7768.jpg,0
Cat\7769.jpg,0
Cat\7770.jpg,0
Cat\7771.jpg,0
Cat\7772.jpg,0
Cat\7773.jpg,0
Cat\7774.jpg,0
Cat\7775.jpg,0
Cat\7776.jpg,0
Cat\7777.jpg,0
Cat\7778.jpg,0
Cat\7779.jpg,0
Cat\7780.jpg,0
Cat\7781.jpg,0
Cat\7782.jpg,0
Cat\7783.jpg,0
Cat\7784.jpg,0
Cat\7785.jpg,0
Cat\7786.jpg,0
Cat\7787.jpg,0
Cat\7788.jpg,0
Cat\7789.jpg,0
Cat\7790.jpg,0
Cat\7791.jpg,0
Cat\7792.jpg,0
Cat\7793.jpg,0
Cat\7794.jpg,0
Cat\7795.jpg,0
Cat\7796.jpg,0
Cat\7797.jpg,0
Cat\7798.jpg,0
Cat\7799.jpg,0
Cat\7800.jpg,0
Cat\7801.jpg,0
Cat\7802.jpg,0
Cat\7803.jpg,0
Cat\7804.jpg,0
Cat\7805.jpg,0
Cat\7806.jpg,0
Cat\7807.jpg,0
Cat\7808.jpg,0
Cat\7809.jpg,0
Cat\7810.jpg,0
Cat\7811.jpg,0
Cat\7812.jpg,0
Cat\7813.jpg,0
Cat\7814.jpg,0
Cat\7815.jpg,0
Cat\7816.jpg,0
Cat\7817.jpg,0
Cat\7818.jpg,0
Cat\7819.jpg,0
Cat\7820.jpg,0
Cat\7821.jpg,0
Cat\7822.jpg,0
Cat\7823.jpg,0
Cat\7824.jpg,0
Cat\7825.jpg,0
Cat\7826.jpg,0
Cat\7827.jpg,0
Cat\7828.jpg,0
Cat\7829.jpg,0
Cat\7830.jpg,0
Cat\7831.jpg,0
Cat\7832.jpg,0
Cat\7833.jpg,0
Cat\7834.jpg,0
Cat\7835.jpg,0
Cat\7836.jpg,0
Cat\7837.jpg,0
Cat\7838.jpg,0
Cat\7839.jpg,0
Cat\7840.jpg,0
Cat\7841.jpg,0
Cat\7842.jpg,0
Cat\7843.jpg,0
Cat\7844.jpg,0
Cat\7845.jpg,0
Cat\7846.jpg,0
Cat\7847.jpg,0
Cat\7848.jpg,0
Cat\7849.jpg,0
Cat\7850.jpg,0
Cat\7851.jpg,0
Cat\7852.jpg,0
Cat\7853.jpg,0
Cat\7854.jpg,0
Cat\7855.jpg,0
Cat\7856.jpg,0
Cat\7857.jpg,0
Cat\7858.jpg,0
Cat\7859.jpg,0
Cat\7860.jpg,0
Cat\7861.jpg,0
Cat\7862.jpg,0
Cat\7863.jpg,0
Cat\7864.jpg,0
Cat\7865.jpg,0
Cat\7866.jpg,0
Cat\7867.jpg,0
Cat\7868.jpg,0
Cat\7869.jpg,0
Cat\7870.jpg,0
Cat\7871.jpg,0
Cat\7872.jpg,0
Cat\7873.jpg,0
Cat\7874.jpg,0
Cat\7875.jpg,0
Cat\7876.jpg,0
Cat\7877.jpg,0
Cat\7878.jpg,0
Cat\7879.jpg,0
Cat\7880.jpg,0
Cat\7881.jpg,0
Cat\7882.jpg,0
Cat\7883.jpg,0
Cat\7884.jpg,0
Cat\7885.jpg,0
Cat\7886.jpg,0
Cat\7887.jpg,0
Cat\7888.jpg,0
Cat\7889.jpg,0
Cat\7890.jpg,0
Cat\7891.jpg,0
Cat\7892.jpg,0
Cat\7893.jpg,0
Cat\7894.jpg,0
Cat\7895.jpg,0
Cat\7896.jpg,0
Cat\7897.jpg,0
Cat\7898.jpg,0
Cat\7899.jpg,0
Cat\7900.jpg,0
Cat\7901.jpg,0
Cat\7902.jpg,0
Cat\7903.jpg,0
Cat\7904.jpg,0
Cat\7905.jpg,0
Cat\7906.jpg,0
Cat\7907.jpg,0
Cat\7908.jpg,0
Cat\7909.jpg,0
Cat\7910.jpg,0
Cat\7911.jpg,0
Cat\7912.jpg,0
Cat\7913.jpg,0
Cat\7914.jpg,0
Cat\7915.jpg,0
Cat\7916.jpg,0
Cat\7917.jpg,0
Cat\7918.jpg,0
Cat\7919.jpg,0
Cat\7920.jpg,0
Cat\7921.jpg,0
Cat\7922.jpg,0
Cat\7923.jpg,0
Cat\7924.jpg,0
Cat\7925.jpg,0
Cat\7926.jpg,0
Cat\7927.jpg,0
Cat\7928.jpg,0
Cat\7929.jpg,0
Cat\7930.jpg,0
Cat\7931.jpg,0
Cat\7932.jpg,0
Cat\7933.jpg,0
Cat\7934.jpg,0
Cat\7935.jpg,0
Cat\7936.jpg,0
Cat\7937.jpg,0
Cat\7938.jpg,0
Cat\7939.jpg,0
Cat\7940.jpg,0
Cat\7941.jpg,0
Cat\7942.jpg,0
Cat\7943.jpg,0
Cat\7944.jpg,0
Cat\7945.jpg,0
Cat\7946.jpg,0
Cat\7947.jpg,0
Cat\7948.jpg,0
Cat\7949.jpg,0
Cat\7950.jpg,0
Cat\7951.jpg,0
Cat\7952.jpg,0
Cat\7953.jpg,0
Cat\7954.jpg,0
Cat\7955.jpg,0
Cat\7956.jpg,0
Cat\7957.jpg,0
Cat\7958.jpg,0
Cat\7959.jpg,0
Cat\7960.jpg,0
Cat\7961.jpg,0
Cat\7962.jpg,0
Cat\7963.jpg,0
Cat\7964.jpg,0
Cat\7965.jpg,0
Cat\7966.jpg,0
Cat\7967.jpg,0
Cat\7969.jpg,0
Cat\7970.jpg,0
Cat\7971.jpg,0
Cat\7972.jpg,0
Cat\7973.jpg,0
Cat\7974.jpg,0
Cat\7975.jpg,0
Cat\7976.jpg,0
Cat\7977.jpg,0
Cat\7979.jpg,0
Cat\7980.jpg,0
Cat\7981.jpg,0
Cat\7982.jpg,0
Cat\7983.jpg,0
Cat\7984.jpg,0
Cat\7985.jpg,0
Cat\7986.jpg,0
Cat\7987.jpg,0
Cat\7988.jpg,0
Cat\7989.jpg,0
Cat\7990.jpg,0
Cat\7991.jpg,0
Cat\7992.jpg,0
Cat\7993.jpg,0
Cat\7994.jpg,0
Cat\7995.jpg,0
Cat\7996.jpg,0
Cat\7997.jpg,0
Cat\7998.jpg,0
Cat\7999.jpg,0
Cat\8000.jpg,0
Cat\8001.jpg,0
Cat\8002.jpg,0
Cat\8003.jpg,0
Cat\8004.jpg,0
Cat\8005.jpg,0
Cat\8006.jpg,0
Cat\8007.jpg,0
Cat\8008.jpg,0
Cat\8009.jpg,0
Cat\8010.jpg,0
Cat\8011.jpg,0
Cat\8012.jpg,0
Cat\8013.jpg,0
Cat\8014.jpg,0
Cat\8015.jpg,0
Cat\8016.jpg,0
Cat\8017.jpg,0
Cat\8018.jpg,0
Cat\8019.jpg,0
Cat\8020.jpg,0
Cat\8021.jpg,0
Cat\8022.jpg,0
Cat\8023.jpg,0
Cat\8024.jpg,0
Cat\8025.jpg,0
Cat\8026.jpg,0
Cat\8027.jpg,0
Cat\8028.jpg,0
Cat\8029.jpg,0
Cat\8030.jpg,0
Cat\8031.jpg,0
Cat\8032.jpg,0
Cat\8033.jpg,0
Cat\8034.jpg,0
Cat\8035.jpg,0
Cat\8036.jpg,0
Cat\8037.jpg,0
Cat\8038.jpg,0
Cat\8039.jpg,0
Cat\8040.jpg,0
Cat\8041.jpg,0
Cat\8042.jpg,0
Cat\8043.jpg,0
Cat\8044.jpg,0
Cat\8045.jpg,0
Cat\8046.jpg,0
Cat\8047.jpg,0
Cat\8048.jpg,0
Cat\8049.jpg,0
Cat\8050.jpg,0
Cat\8051.jpg,0
Cat\8052.jpg,0
Cat\8053.jpg,0
Cat\8054.jpg,0
Cat\8055.jpg,0
Cat\8056.jpg,0
Cat\8057.jpg,0
Cat\8058.jpg,0
Cat\8059.jpg,0
Cat\8060.jpg,0
Cat\8061.jpg,0
Cat\8062.jpg,0
Cat\8063.jpg,0
Cat\8064.jpg,0
Cat\8065.jpg,0
Cat\8066.jpg,0
Cat\8067.jpg,0
Cat\8068.jpg,0
Cat\8069.jpg,0
Cat\8070.jpg,0
Cat\8071.jpg,0
Cat\8072.jpg,0
Cat\8073.jpg,0
Cat\8074.jpg,0
Cat\8075.jpg,0
Cat\8076.jpg,0
Cat\8077.jpg,0
Cat\8078.jpg,0
Cat\8079.jpg,0
Cat\8080.jpg,0
Cat\8081.jpg,0
Cat\8082.jpg,0
Cat\8083.jpg,0
Cat\8084.jpg,0
Cat\8085.jpg,0
Cat\8086.jpg,0
Cat\8087.jpg,0
Cat\8088.jpg,0
Cat\8089.jpg,0
Cat\8090.jpg,0
Cat\8091.jpg,0
Cat\8092.jpg,0
Cat\8093.jpg,0
Cat\8094.jpg,0
Cat\8095.jpg,0
Cat\8096.jpg,0
Cat\8097.jpg,0
Cat\8098.jpg,0
Cat\8099.jpg,0
Cat\8100.jpg,0
Cat\8101.jpg,0
Cat\8102.jpg,0
Cat\8103.jpg,0
Cat\8104.jpg,0
Cat\8105.jpg,0
Cat\8106.jpg,0
Cat\8107.jpg,0
Cat\8108.jpg,0
Cat\8109.jpg,0
Cat\8110.jpg,0
Cat\8111.jpg,0
Cat\8112.jpg,0
Cat\8113.jpg,0
Cat\8114.jpg,0
Cat\8115.jpg,0
Cat\8116.jpg,0
Cat\8117.jpg,0
Cat\8118.jpg,0
Cat\8119.jpg,0
Cat\8120.jpg,0
Cat\8121.jpg,0
Cat\8122.jpg,0
Cat\8123.jpg,0
Cat\8124.jpg,0
Cat\8125.jpg,0
Cat\8126.jpg,0
Cat\8127.jpg,0
Cat\8128.jpg,0
Cat\8129.jpg,0
Cat\8130.jpg,0
Cat\8131.jpg,0
Cat\8132.jpg,0
Cat\8133.jpg,0
Cat\8134.jpg,0
Cat\8135.jpg,0
Cat\8136.jpg,0
Cat\8137.jpg,0
Cat\8138.jpg,0
Cat\8139.jpg,0
Cat\8140.jpg,0
Cat\8141.jpg,0
Cat\8142.jpg,0
Cat\8143.jpg,0
Cat\8144.jpg,0
Cat\8145.jpg,0
Cat\8146.jpg,0
Cat\8147.jpg,0
Cat\8148.jpg,0
Cat\8149.jpg,0
Cat\8150.jpg,0
Cat\8151.jpg,0
Cat\8152.jpg,0
Cat\8153.jpg,0
Cat\8154.jpg,0
Cat\8155.jpg,0
Cat\8156.jpg,0
Cat\8157.jpg,0
Cat\8158.jpg,0
Cat\8159.jpg,0
Cat\8160.jpg,0
Cat\8161.jpg,0
Cat\8162.jpg,0
Cat\8163.jpg,0
Cat\8164.jpg,0
Cat\8165.jpg,0
Cat\8166.jpg,0
Cat\8167.jpg,0
Cat\8168.jpg,0
Cat\8169.jpg,0
Cat\8170.jpg,0
Cat\8171.jpg,0
Cat\8172.jpg,0
Cat\8173.jpg,0
Cat\8174.jpg,0
Cat\8175.jpg,0
Cat\8176.jpg,0
Cat\8177.jpg,0
Cat\8178.jpg,0
Cat\8179.jpg,0
Cat\8180.jpg,0
Cat\8181.jpg,0
Cat\8182.jpg,0
Cat\8183.jpg,0
Cat\8184.jpg,0
Cat\8185.jpg,0
Cat\8186.jpg,0
Cat\8187.jpg,0
Cat\8188.jpg,0
Cat\8189.jpg,0
Cat\8190.jpg,0
Cat\8191.jpg,0
Cat\8192.jpg,0
Cat\8193.jpg,0
Cat\8194.jpg,0
Cat\8195.jpg,0
Cat\8196.jpg,0
Cat\8197.jpg,0
Cat\8198.jpg,0
Cat\8199.jpg,0
Cat\8200.jpg,0
Cat\8201.jpg,0
Cat\8202.jpg,0
Cat\8203.jpg,0
Cat\8204.jpg,0
Cat\8205.jpg,0
Cat\8206.jpg,0
Cat\8207.jpg,0
Cat\8208.jpg,0
Cat\8209.jpg,0
Cat\8210.jpg,0
Cat\8211.jpg,0
Cat\8212.jpg,0
Cat\8213.jpg,0
Cat\8214.jpg,0
Cat\8215.jpg,0
Cat\8216.jpg,0
Cat\8217.jpg,0
Cat\8218.jpg,0
Cat\8219.jpg,0
Cat\8220.jpg,0
Cat\8221.jpg,0
Cat\8222.jpg,0
Cat\8223.jpg,0
Cat\8224.jpg,0
Cat\8225.jpg,0
Cat\8226.jpg,0
Cat\8227.jpg,0
Cat\8228.jpg,0
Cat\8229.jpg,0
Cat\8230.jpg,0
Cat\8231.jpg,0
Cat\8232.jpg,0
Cat\8233.jpg,0
Cat\8234.jpg,0
Cat\8235.jpg,0
Cat\8236.jpg,0
Cat\8237.jpg,0
Cat\8238.jpg,0
Cat\8239.jpg,0
Cat\8240.jpg,0
Cat\8241.jpg,0
Cat\8242.jpg,0
Cat\8243.jpg,0
Cat\8244.jpg,0
Cat\8245.jpg,0
Cat\8246.jpg,0
Cat\8247.jpg,0
Cat\8248.jpg,0
Cat\8249.jpg,0
Cat\8250.jpg,0
Cat\8251.jpg,0
Cat\8252.jpg,0
Cat\8253.jpg,0
Cat\8254.jpg,0
Cat\8255.jpg,0
Cat\8256.jpg,0
Cat\8257.jpg,0
Cat\8258.jpg,0
Cat\8259.jpg,0
Cat\8260.jpg,0
Cat\8261.jpg,0
Cat\8262.jpg,0
Cat\8263.jpg,0
Cat\8264.jpg,0
Cat\8265.jpg,0
Cat\8266.jpg,0
Cat\8267.jpg,0
Cat\8268.jpg,0
Cat\8269.jpg,0
Cat\8270.jpg,0
Cat\8271.jpg,0
Cat\8272.jpg,0
Cat\8273.jpg,0
Cat\8274.jpg,0
Cat\8275.jpg,0
Cat\8276.jpg,0
Cat\8277.jpg,0
Cat\8278.jpg,0
Cat\8279.jpg,0
Cat\8280.jpg,0
Cat\8281.jpg,0
Cat\8282.jpg,0
Cat\8283.jpg,0
Cat\8284.jpg,0
Cat\8285.jpg,0
Cat\8286.jpg,0
Cat\8287.jpg,0
Cat\8288.jpg,0
Cat\8289.jpg,0
Cat\8290.jpg,0
Cat\8291.jpg,0
Cat\8292.jpg,0
Cat\8293.jpg,0
Cat\8294.jpg,0
Cat\8295.jpg,0
Cat\8296.jpg,0
Cat\8297.jpg,0
Cat\8298.jpg,0
Cat\8299.jpg,0
Cat\8300.jpg,0
Cat\8301.jpg,0
Cat\8302.jpg,0
Cat\8303.jpg,0
Cat\8304.jpg,0
Cat\8305.jpg,0
Cat\8306.jpg,0
Cat\8307.jpg,0
Cat\8308.jpg,0
Cat\8309.jpg,0
Cat\8310.jpg,0
Cat\8311.jpg,0
Cat\8312.jpg,0
Cat\8313.jpg,0
Cat\8314.jpg,0
Cat\8315.jpg,0
Cat\8316.jpg,0
Cat\8317.jpg,0
Cat\8318.jpg,0
Cat\8319.jpg,0
Cat\8320.jpg,0
Cat\8321.jpg,0
Cat\8322.jpg,0
Cat\8323.jpg,0
Cat\8324.jpg,0
Cat\8325.jpg,0
Cat\8326.jpg,0
Cat\8327.jpg,0
Cat\8328.jpg,0
Cat\8329.jpg,0
Cat\8330.jpg,0
Cat\8331.jpg,0
Cat\8332.jpg,0
Cat\8333.jpg,0
Cat\8334.jpg,0
Cat\8335.jpg,0
Cat\8336.jpg,0
Cat\8337.jpg,0
Cat\8338.jpg,0
Cat\8339.jpg,0
Cat\8340.jpg,0
Cat\8341.jpg,0
Cat\8342.jpg,0
Cat\8343.jpg,0
Cat\8344.jpg,0
Cat\8345.jpg,0
Cat\8346.jpg,0
Cat\8347.jpg,0
Cat\8348.jpg,0
Cat\8349.jpg,0
Cat\8350.jpg,0
Cat\8351.jpg,0
Cat\8352.jpg,0
Cat\8353.jpg,0
Cat\8354.jpg,0
Cat\8355.jpg,0
Cat\8356.jpg,0
Cat\8357.jpg,0
Cat\8358.jpg,0
Cat\8359.jpg,0
Cat\8360.jpg,0
Cat\8361.jpg,0
Cat\8362.jpg,0
Cat\8363.jpg,0
Cat\8364.jpg,0
Cat\8365.jpg,0
Cat\8366.jpg,0
Cat\8367.jpg,0
Cat\8368.jpg,0
Cat\8369.jpg,0
Cat\8370.jpg,0
Cat\8371.jpg,0
Cat\8372.jpg,0
Cat\8373.jpg,0
Cat\8374.jpg,0
Cat\8375.jpg,0
Cat\8376.jpg,0
Cat\8377.jpg,0
Cat\8378.jpg,0
Cat\8379.jpg,0
Cat\8380.jpg,0
Cat\8381.jpg,0
Cat\8382.jpg,0
Cat\8383.jpg,0
Cat\8384.jpg,0
Cat\8385.jpg,0
Cat\8386.jpg,0
Cat\8387.jpg,0
Cat\8388.jpg,0
Cat\8389.jpg,0
Cat\8390.jpg,0
Cat\8391.jpg,0
Cat\8392.jpg,0
Cat\8393.jpg,0
Cat\8394.jpg,0
Cat\8395.jpg,0
Cat\8396.jpg,0
Cat\8397.jpg,0
Cat\8398.jpg,0
Cat\8399.jpg,0
Cat\8400.jpg,0
Cat\8401.jpg,0
Cat\8402.jpg,0
Cat\8403.jpg,0
Cat\8404.jpg,0
Cat\8405.jpg,0
Cat\8406.jpg,0
Cat\8407.jpg,0
Cat\8408.jpg,0
Cat\8409.jpg,0
Cat\8410.jpg,0
Cat\8411.jpg,0
Cat\8412.jpg,0
Cat\8413.jpg,0
Cat\8414.jpg,0
Cat\8415.jpg,0
Cat\8416.jpg,0
Cat\8417.jpg,0
Cat\8418.jpg,0
Cat\8419.jpg,0
Cat\8420.jpg,0
Cat\8421.jpg,0
Cat\8422.jpg,0
Cat\8423.jpg,0
Cat\8424.jpg,0
Cat\8425.jpg,0
Cat\8426.jpg,0
Cat\8427.jpg,0
Cat\8428.jpg,0
Cat\8429.jpg,0
Cat\8430.jpg,0
Cat\8431.jpg,0
Cat\8432.jpg,0
Cat\8433.jpg,0
Cat\8434.jpg,0
Cat\8435.jpg,0
Cat\8436.jpg,0
Cat\8437.jpg,0
Cat\8438.jpg,0
Cat\8439.jpg,0
Cat\8440.jpg,0
Cat\8441.jpg,0
Cat\8442.jpg,0
Cat\8443.jpg,0
Cat\8444.jpg,0
Cat\8445.jpg,0
Cat\8446.jpg,0
Cat\8447.jpg,0
Cat\8448.jpg,0
Cat\8449.jpg,0
Cat\8450.jpg,0
Cat\8451.jpg,0
Cat\8452.jpg,0
Cat\8453.jpg,0
Cat\8454.jpg,0
Cat\8455.jpg,0
Cat\8456.jpg,0
Cat\8457.jpg,0
Cat\8458.jpg,0
Cat\8459.jpg,0
Cat\8460.jpg,0
Cat\8461.jpg,0
Cat\8462.jpg,0
Cat\8463.jpg,0
Cat\8464.jpg,0
Cat\8465.jpg,0
Cat\8466.jpg,0
Cat\8467.jpg,0
Cat\8468.jpg,0
Cat\8469.jpg,0
Cat\8471.jpg,0
Cat\8472.jpg,0
Cat\8473.jpg,0
Cat\8474.jpg,0
Cat\8475.jpg,0
Cat\8476.jpg,0
Cat\8477.jpg,0
Cat\8478.jpg,0
Cat\8479.jpg,0
Cat\8480.jpg,0
Cat\8481.jpg,0
Cat\8482.jpg,0
Cat\8483.jpg,0
Cat\8484.jpg,0
Cat\8485.jpg,0
Cat\8486.jpg,0
Cat\8487.jpg,0
Cat\8488.jpg,0
Cat\8489.jpg,0
Cat\8490.jpg,0
Cat\8491.jpg,0
Cat\8492.jpg,0
Cat\8493.jpg,0
Cat\8494.jpg,0
Cat\8495.jpg,0
Cat\8496.jpg,0
Cat\8497.jpg,0
Cat\8498.jpg,0
Cat\8499.jpg,0
Cat\8500.jpg,0
Cat\8501.jpg,0
Cat\8502.jpg,0
Cat\8503.jpg,0
Cat\8504.jpg,0
Cat\8505.jpg,0
Cat\8506.jpg,0
Cat\8507.jpg,0
Cat\8508.jpg,0
Cat\8509.jpg,0
Cat\8510.jpg,0
Cat\8511.jpg,0
Cat\8512.jpg,0
Cat\8513.jpg,0
Cat\8514.jpg,0
Cat\8515.jpg,0
Cat\8516.jpg,0
Cat\8517.jpg,0
Cat\8518.jpg,0
Cat\8519.jpg,0
Cat\8520.jpg,0
Cat\8521.jpg,0
Cat\8522.jpg,0
Cat\8523.jpg,0
Cat\8524.jpg,0
Cat\8525.jpg,0
Cat\8526.jpg,0
Cat\8527.jpg,0
Cat\8528.jpg,0
Cat\8529.jpg,0
Cat\8530.jpg,0
Cat\8531.jpg,0
Cat\8532.jpg,0
Cat\8533.jpg,0
Cat\8534.jpg,0
Cat\8535.jpg,0
Cat\8536.jpg,0
Cat\8537.jpg,0
Cat\8538.jpg,0
Cat\8539.jpg,0
Cat\8540.jpg,0
Cat\8541.jpg,0
Cat\8542.jpg,0
Cat\8543.jpg,0
Cat\8544.jpg,0
Cat\8545.jpg,0
Cat\8546.jpg,0
Cat\8547.jpg,0
Cat\8548.jpg,0
Cat\8549.jpg,0
Cat\8550.jpg,0
Cat\8551.jpg,0
Cat\8552.jpg,0
Cat\8553.jpg,0
Cat\8554.jpg,0
Cat\8555.jpg,0
Cat\8556.jpg,0
Cat\8557.jpg,0
Cat\8558.jpg,0
Cat\8559.jpg,0
Cat\8560.jpg,0
Cat\8561.jpg,0
Cat\8562.jpg,0
Cat\8563.jpg,0
Cat\8564.jpg,0
Cat\8565.jpg,0
Cat\8566.jpg,0
Cat\8567.jpg,0
Cat\8568.jpg,0
Cat\8569.jpg,0
Cat\8570.jpg,0
Cat\8571.jpg,0
Cat\8572.jpg,0
Cat\8573.jpg,0
Cat\8574.jpg,0
Cat\8575.jpg,0
Cat\8576.jpg,0
Cat\8577.jpg,0
Cat\8578.jpg,0
Cat\8579.jpg,0
Cat\8580.jpg,0
Cat\8581.jpg,0
Cat\8582.jpg,0
Cat\8583.jpg,0
Cat\8584.jpg,0
Cat\8585.jpg,0
Cat\8586.jpg,0
Cat\8587.jpg,0
Cat\8588.jpg,0
Cat\8589.jpg,0
Cat\8590.jpg,0
Cat\8591.jpg,0
Cat\8592.jpg,0
Cat\8593.jpg,0
Cat\8594.jpg,0
Cat\8595.jpg,0
Cat\8596.jpg,0
Cat\8597.jpg,0
Cat\8598.jpg,0
Cat\8599.jpg,0
Cat\8600.jpg,0
Cat\8601.jpg,0
Cat\8602.jpg,0
Cat\8603.jpg,0
Cat\8604.jpg,0
Cat\8605.jpg,0
Cat\8606.jpg,0
Cat\8607.jpg,0
Cat\8608.jpg,0
Cat\8609.jpg,0
Cat\8610.jpg,0
Cat\8611.jpg,0
Cat\8612.jpg,0
Cat\8613.jpg,0
Cat\8614.jpg,0
Cat\8615.jpg,0
Cat\8616.jpg,0
Cat\8617.jpg,0
Cat\8618.jpg,0
Cat\8619.jpg,0
Cat\8620.jpg,0
Cat\8621.jpg,0
Cat\8622.jpg,0
Cat\8623.jpg,0
Cat\8624.jpg,0
Cat\8625.jpg,0
Cat\8626.jpg,0
Cat\8627.jpg,0
Cat\8628.jpg,0
Cat\8629.jpg,0
Cat\8630.jpg,0
Cat\8631.jpg,0
Cat\8632.jpg,0
Cat\8633.jpg,0
Cat\8634.jpg,0
Cat\8635.jpg,0
Cat\8636.jpg,0
Cat\8637.jpg,0
Cat\8638.jpg,0
Cat\8639.jpg,0
Cat\8640.jpg,0
Cat\8641.jpg,0
Cat\8642.jpg,0
Cat\8643.jpg,0
Cat\8644.jpg,0
Cat\8645.jpg,0
Cat\8646.jpg,0
Cat\8647.jpg,0
Cat\8648.jpg,0
Cat\8649.jpg,0
Cat\8650.jpg,0
Cat\8651.jpg,0
Cat\8652.jpg,0
Cat\8653.jpg,0
Cat\8654.jpg,0
Cat\8655.jpg,0
Cat\8656.jpg,0
Cat\8657.jpg,0
Cat\8658.jpg,0
Cat\8659.jpg,0
Cat\8660.jpg,0
Cat\8661.jpg,0
Cat\8662.jpg,0
Cat\8663.jpg,0
Cat\8664.jpg,0
Cat\8665.jpg,0
Cat\8666.jpg,0
Cat\8667.jpg,0
Cat\8668.jpg,0
Cat\8669.jpg,0
Cat\8670.jpg,0
Cat\8671.jpg,0
Cat\8672.jpg,0
Cat\8673.jpg,0
Cat\8674.jpg,0
Cat\8675.jpg,0
Cat\8676.jpg,0
Cat\8677.jpg,0
Cat\8678.jpg,0
Cat\8679.jpg,0
Cat\8680.jpg,0
Cat\8681.jpg,0
Cat\8682.jpg,0
Cat\8683.jpg,0
Cat\8684.jpg,0
Cat\8685.jpg,0
Cat\8686.jpg,0
Cat\8687.jpg,0
Cat\8688.jpg,0
Cat\8689.jpg,0
Cat\8690.jpg,0
Cat\8691.jpg,0
Cat\8692.jpg,0
Cat\8693.jpg,0
Cat\8694.jpg,0
Cat\8695.jpg,0
Cat\8696.jpg,0
Cat\8697.jpg,0
Cat\8698.jpg,0
Cat\8699.jpg,0
Cat\8700.jpg,0
Cat\8701.jpg,0
Cat\8702.jpg,0
Cat\8703.jpg,0
Cat\8704.jpg,0
Cat\8705.jpg,0
Cat\8706.jpg,0
Cat\8707.jpg,0
Cat\8708.jpg,0
Cat\8709.jpg,0
Cat\8710.jpg,0
Cat\8711.jpg,0
Cat\8712.jpg,0
Cat\8713.jpg,0
Cat\8714.jpg,0
Cat\8715.jpg,0
Cat\8716.jpg,0
Cat\8717.jpg,0
Cat\8718.jpg,0
Cat\8719.jpg,0
Cat\8720.jpg,0
Cat\8721.jpg,0
Cat\8722.jpg,0
Cat\8723.jpg,0
Cat\8724.jpg,0
Cat\8725.jpg,0
Cat\8726.jpg,0
Cat\8727.jpg,0
Cat\8728.jpg,0
Cat\8729.jpg,0
Cat\8730.jpg,0
Cat\8731.jpg,0
Cat\8732.jpg,0
Cat\8733.jpg,0
Cat\8734.jpg,0
Cat\8735.jpg,0
Cat\8736.jpg,0
Cat\8737.jpg,0
Cat\8738.jpg,0
Cat\8739.jpg,0
Cat\8740.jpg,0
Cat\8741.jpg,0
Cat\8742.jpg,0
Cat\8743.jpg,0
Cat\8744.jpg,0
Cat\8745.jpg,0
Cat\8746.jpg,0
Cat\8747.jpg,0
Cat\8748.jpg,0
Cat\8749.jpg,0
Cat\8750.jpg,0
Cat\8751.jpg,0
Cat\8752.jpg,0
Cat\8753.jpg,0
Cat\8754.jpg,0
Cat\8755.jpg,0
Cat\8756.jpg,0
Cat\8757.jpg,0
Cat\8758.jpg,0
Cat\8759.jpg,0
Cat\8760.jpg,0
Cat\8761.jpg,0
Cat\8762.jpg,0
Cat\8763.jpg,0
Cat\8764.jpg,0
Cat\8765.jpg,0
Cat\8766.jpg,0
Cat\8767.jpg,0
Cat\8768.jpg,0
Cat\8769.jpg,0
Cat\8770.jpg,0
Cat\8771.jpg,0
Cat\8772.jpg,0
Cat\8773.jpg,0
Cat\8774.jpg,0
Cat\8775.jpg,0
Cat\8776.jpg,0
Cat\8777.jpg,0
Cat\8778.jpg,0
Cat\8779.jpg,0
Cat\8780.jpg,0
Cat\8781.jpg,0
Cat\8782.jpg,0
Cat\8783.jpg,0
Cat\8784.jpg,0
Cat\8785.jpg,0
Cat\8786.jpg,0
Cat\8787.jpg,0
Cat\8788.jpg,0
Cat\8789.jpg,0
Cat\8790.jpg,0
Cat\8791.jpg,0
Cat\8792.jpg,0
Cat\8793.jpg,0
Cat\8794.jpg,0
Cat\8795.jpg,0
Cat\8796.jpg,0
Cat\8797.jpg,0
Cat\8798.jpg,0
Cat\8799.jpg,0
Cat\8800.jpg,0
Cat\8801.jpg,0
Cat\8802.jpg,0
Cat\8803.jpg,0
Cat\8804.jpg,0
Cat\8805.jpg,0
Cat\8806.jpg,0
Cat\8807.jpg,0
Cat\8808.jpg,0
Cat\8809.jpg,0
Cat\8810.jpg,0
Cat\8811.jpg,0
Cat\8812.jpg,0
Cat\8813.jpg,0
Cat\8814.jpg,0
Cat\8815.jpg,0
Cat\8816.jpg,0
Cat\8817.jpg,0
Cat\8818.jpg,0
Cat\8819.jpg,0
Cat\8820.jpg,0
Cat\8821.jpg,0
Cat\8822.jpg,0
Cat\8823.jpg,0
Cat\8824.jpg,0
Cat\8825.jpg,0
Cat\8826.jpg,0
Cat\8827.jpg,0
Cat\8828.jpg,0
Cat\8829.jpg,0
Cat\8830.jpg,0
Cat\8831.jpg,0
Cat\8832.jpg,0
Cat\8833.jpg,0
Cat\8834.jpg,0
Cat\8835.jpg,0
Cat\8836.jpg,0
Cat\8837.jpg,0
Cat\8838.jpg,0
Cat\8839.jpg,0
Cat\8840.jpg,0
Cat\8841.jpg,0
Cat\8842.jpg,0
Cat\8843.jpg,0
Cat\8844.jpg,0
Cat\8845.jpg,0
Cat\8846.jpg,0
Cat\8847.jpg,0
Cat\8848.jpg,0
Cat\8849.jpg,0
Cat\8850.jpg,0
Cat\8851.jpg,0
Cat\8852.jpg,0
Cat\8853.jpg,0
Cat\8854.jpg,0
Cat\8855.jpg,0
Cat\8856.jpg,0
Cat\8857.jpg,0
Cat\8858.jpg,0
Cat\8859.jpg,0
Cat\8860.jpg,0
Cat\8861.jpg,0
Cat\8862.jpg,0
Cat\8863.jpg,0
Cat\8864.jpg,0
Cat\8865.jpg,0
Cat\8866.jpg,0
Cat\8867.jpg,0
Cat\8868.jpg,0
Cat\8869.jpg,0
Cat\8870.jpg,0
Cat\8871.jpg,0
Cat\8872.jpg,0
Cat\8873.jpg,0
Cat\8874.jpg,0
Cat\8875.jpg,0
Cat\8876.jpg,0
Cat\8877.jpg,0
Cat\8878.jpg,0
Cat\8879.jpg,0
Cat\8880.jpg,0
Cat\8881.jpg,0
Cat\8882.jpg,0
Cat\8883.jpg,0
Cat\8884.jpg,0
Cat\8885.jpg,0
Cat\8886.jpg,0
Cat\8887.jpg,0
Cat\8888.jpg,0
Cat\8889.jpg,0
Cat\8890.jpg,0
Cat\8891.jpg,0
Cat\8892.jpg,0
Cat\8893.jpg,0
Cat\8894.jpg,0
Cat\8895.jpg,0
Cat\8896.jpg,0
Cat\8897.jpg,0
Cat\8898.jpg,0
Cat\8899.jpg,0
Cat\8900.jpg,0
Cat\8901.jpg,0
Cat\8902.jpg,0
Cat\8903.jpg,0
Cat\8904.jpg,0
Cat\8905.jpg,0
Cat\8906.jpg,0
Cat\8907.jpg,0
Cat\8908.jpg,0
Cat\8909.jpg,0
Cat\8910.jpg,0
Cat\8911.jpg,0
Cat\8912.jpg,0
Cat\8913.jpg,0
Cat\8914.jpg,0
Cat\8915.jpg,0
Cat\8916.jpg,0
Cat\8917.jpg,0
Cat\8918.jpg,0
Cat\8919.jpg,0
Cat\8920.jpg,0
Cat\8921.jpg,0
Cat\8922.jpg,0
Cat\8923.jpg,0
Cat\8924.jpg,0
Cat\8925.jpg,0
Cat\8926.jpg,0
Cat\8927.jpg,0
Cat\8928.jpg,0
Cat\8929.jpg,0
Cat\8930.jpg,0
Cat\8931.jpg,0
Cat\8932.jpg,0
Cat\8933.jpg,0
Cat\8934.jpg,0
Cat\8935.jpg,0
Cat\8936.jpg,0
Cat\8937.jpg,0
Cat\8938.jpg,0
Cat\8939.jpg,0
Cat\8940.jpg,0
Cat\8941.jpg,0
Cat\8942.jpg,0
Cat\8943.jpg,0
Cat\8944.jpg,0
Cat\8945.jpg,0
Cat\8946.jpg,0
Cat\8947.jpg,0
Cat\8948.jpg,0
Cat\8949.jpg,0
Cat\8950.jpg,0
Cat\8951.jpg,0
Cat\8952.jpg,0
Cat\8953.jpg,0
Cat\8954.jpg,0
Cat\8955.jpg,0
Cat\8956.jpg,0
Cat\8957.jpg,0
Cat\8958.jpg,0
Cat\8959.jpg,0
Cat\8960.jpg,0
Cat\8961.jpg,0
Cat\8962.jpg,0
Cat\8963.jpg,0
Cat\8964.jpg,0
Cat\8965.jpg,0
Cat\8966.jpg,0
Cat\8967.jpg,0
Cat\8968.jpg,0
Cat\8969.jpg,0
Cat\8970.jpg,0
Cat\8971.jpg,0
Cat\8972.jpg,0
Cat\8973.jpg,0
Cat\8974.jpg,0
Cat\8975.jpg,0
Cat\8976.jpg,0
Cat\8977.jpg,0
Cat\8978.jpg,0
Cat\8979.jpg,0
Cat\8980.jpg,0
Cat\8981.jpg,0
Cat\8982.jpg,0
Cat\8983.jpg,0
Cat\8984.jpg,0
Cat\8985.jpg,0
Cat\8986.jpg,0
Cat\8987.jpg,0
Cat\8988.jpg,0
Cat\8989.jpg,0
Cat\8990.jpg,0
Cat\8991.jpg,0
Cat\8992.jpg,0
Cat\8993.jpg,0
Cat\8994.jpg,0
Cat\8995.jpg,0
Cat\8996.jpg,0
Cat\8997.jpg,0
Cat\8998.jpg,0
Cat\8999.jpg,0
Cat\9000.jpg,0
Cat\9001.jpg,0
Cat\9002.jpg,0
Cat\9003.jpg,0
Cat\9004.jpg,0
Cat\9005.jpg,0
Cat\9006.jpg,0
Cat\9007.jpg,0
Cat\9008.jpg,0
Cat\9009.jpg,0
Cat\9010.jpg,0
Cat\9011.jpg,0
Cat\9012.jpg,0
Cat\9013.jpg,0
Cat\9014.jpg,0
Cat\9015.jpg,0
Cat\9016.jpg,0
Cat\9017.jpg,0
Cat\9018.jpg,0
Cat\9019.jpg,0
Cat\9020.jpg,0
Cat\9021.jpg,0
Cat\9022.jpg,0
Cat\9023.jpg,0
Cat\9024.jpg,0
Cat\9025.jpg,0
Cat\9026.jpg,0
Cat\9027.jpg,0
Cat\9028.jpg,0
Cat\9029.jpg,0
Cat\9030.jpg,0
Cat\9031.jpg,0
Cat\9032.jpg,0
Cat\9033.jpg,0
Cat\9034.jpg,0
Cat\9035.jpg,0
Cat\9036.jpg,0
Cat\9037.jpg,0
Cat\9038.jpg,0
Cat\9039.jpg,0
Cat\9040.jpg,0
Cat\9041.jpg,0
Cat\9042.jpg,0
Cat\9043.jpg,0
Cat\9044.jpg,0
Cat\9045.jpg,0
Cat\9046.jpg,0
Cat\9047.jpg,0
Cat\9048.jpg,0
Cat\9049.jpg,0
Cat\9050.jpg,0
Cat\9051.jpg,0
Cat\9052.jpg,0
Cat\9053.jpg,0
Cat\9054.jpg,0
Cat\9055.jpg,0
Cat\9056.jpg,0
Cat\9057.jpg,0
Cat\9058.jpg,0
Cat\9059.jpg,0
Cat\9060.jpg,0
Cat\9061.jpg,0
Cat\9062.jpg,0
Cat\9063.jpg,0
Cat\9064.jpg,0
Cat\9065.jpg,0
Cat\9066.jpg,0
Cat\9067.jpg,0
Cat\9068.jpg,0
Cat\9069.jpg,0
Cat\9070.jpg,0
Cat\9071.jpg,0
Cat\9072.jpg,0
Cat\9073.jpg,0
Cat\9074.jpg,0
Cat\9075.jpg,0
Cat\9076.jpg,0
Cat\9077.jpg,0
Cat\9078.jpg,0
Cat\9079.jpg,0
Cat\9080.jpg,0
Cat\9081.jpg,0
Cat\9082.jpg,0
Cat\9083.jpg,0
Cat\9084.jpg,0
Cat\9085.jpg,0
Cat\9086.jpg,0
Cat\9087.jpg,0
Cat\9088.jpg,0
Cat\9089.jpg,0
Cat\9090.jpg,0
Cat\9091.jpg,0
Cat\9092.jpg,0
Cat\9093.jpg,0
Cat\9094.jpg,0
Cat\9095.jpg,0
Cat\9096.jpg,0
Cat\9097.jpg,0
Cat\9098.jpg,0
Cat\9099.jpg,0
Cat\9100.jpg,0
Cat\9101.jpg,0
Cat\9102.jpg,0
Cat\9103.jpg,0
Cat\9104.jpg,0
Cat\9105.jpg,0
Cat\9106.jpg,0
Cat\9107.jpg,0
Cat\9108.jpg,0
Cat\9109.jpg,0
Cat\9110.jpg,0
Cat\9111.jpg,0
Cat\9112.jpg,0
Cat\9113.jpg,0
Cat\9114.jpg,0
Cat\9115.jpg,0
Cat\9116.jpg,0
Cat\9117.jpg,0
Cat\9118.jpg,0
Cat\9119.jpg,0
Cat\9120.jpg,0
Cat\9121.jpg,0
Cat\9122.jpg,0
Cat\9123.jpg,0
Cat\9124.jpg,0
Cat\9125.jpg,0
Cat\9126.jpg,0
Cat\9127.jpg,0
Cat\9128.jpg,0
Cat\9129.jpg,0
Cat\9130.jpg,0
Cat\9131.jpg,0
Cat\9132.jpg,0
Cat\9133.jpg,0
Cat\9134.jpg,0
Cat\9135.jpg,0
Cat\9136.jpg,0
Cat\9137.jpg,0
Cat\9138.jpg,0
Cat\9139.jpg,0
Cat\9140.jpg,0
Cat\9141.jpg,0
Cat\9142.jpg,0
Cat\9143.jpg,0
Cat\9144.jpg,0
Cat\9145.jpg,0
Cat\9146.jpg,0
Cat\9147.jpg,0
Cat\9148.jpg,0
Cat\9149.jpg,0
Cat\9150.jpg,0
Cat\9151.jpg,0
Cat\9152.jpg,0
Cat\9153.jpg,0
Cat\9154.jpg,0
Cat\9155.jpg,0
Cat\9156.jpg,0
Cat\9157.jpg,0
Cat\9158.jpg,0
Cat\9159.jpg,0
Cat\9160.jpg,0
Cat\9161.jpg,0
Cat\9162.jpg,0
Cat\9163.jpg,0
Cat\9164.jpg,0
Cat\9165.jpg,0
Cat\9166.jpg,0
Cat\9167.jpg,0
Cat\9168.jpg,0
Cat\9169.jpg,0
Cat\9170.jpg,0
Cat\9172.jpg,0
Cat\9173.jpg,0
Cat\9174.jpg,0
Cat\9175.jpg,0
Cat\9176.jpg,0
Cat\9177.jpg,0
Cat\9178.jpg,0
Cat\9179.jpg,0
Cat\9180.jpg,0
Cat\9181.jpg,0
Cat\9182.jpg,0
Cat\9183.jpg,0
Cat\9184.jpg,0
Cat\9185.jpg,0
Cat\9186.jpg,0
Cat\9187.jpg,0
Cat\9188.jpg,0
Cat\9189.jpg,0
Cat\9190.jpg,0
Cat\9191.jpg,0
Cat\9192.jpg,0
Cat\9193.jpg,0
Cat\9194.jpg,0
Cat\9195.jpg,0
Cat\9196.jpg,0
Cat\9197.jpg,0
Cat\9198.jpg,0
Cat\9199.jpg,0
Cat\9200.jpg,0
Cat\9201.jpg,0
Cat\9202.jpg,0
Cat\9203.jpg,0
Cat\9204.jpg,0
Cat\9205.jpg,0
Cat\9206.jpg,0
Cat\9207.jpg,0
Cat\9208.jpg,0
Cat\9209.jpg,0
Cat\9210.jpg,0
Cat\9211.jpg,0
Cat\9212.jpg,0
Cat\9213.jpg,0
Cat\9214.jpg,0
Cat\9215.jpg,0
Cat\9216.jpg,0
Cat\9217.jpg,0
Cat\9218.jpg,0
Cat\9219.jpg,0
Cat\9220.jpg,0
Cat\9221.jpg,0
Cat\9222.jpg,0
Cat\9223.jpg,0
Cat\9224.jpg,0
Cat\9225.jpg,0
Cat\9226.jpg,0
Cat\9227.jpg,0
Cat\9228.jpg,0
Cat\9229.jpg,0
Cat\9230.jpg,0
Cat\9231.jpg,0
Cat\9232.jpg,0
Cat\9233.jpg,0
Cat\9234.jpg,0
Cat\9235.jpg,0
Cat\9236.jpg,0
Cat\9237.jpg,0
Cat\9238.jpg,0
Cat\9239.jpg,0
Cat\9240.jpg,0
Cat\9241.jpg,0
Cat\9242.jpg,0
Cat\9243.jpg,0
Cat\9244.jpg,0
Cat\9245.jpg,0
Cat\9246.jpg,0
Cat\9247.jpg,0
Cat\9248.jpg,0
Cat\9249.jpg,0
Cat\9250.jpg,0
Cat\9251.jpg,0
Cat\9252.jpg,0
Cat\9253.jpg,0
Cat\9254.jpg,0
Cat\9255.jpg,0
Cat\9256.jpg,0
Cat\9257.jpg,0
Cat\9258.jpg,0
Cat\9259.jpg,0
Cat\9260.jpg,0
Cat\9261.jpg,0
Cat\9262.jpg,0
Cat\9263.jpg,0
Cat\9264.jpg,0
Cat\9265.jpg,0
Cat\9266.jpg,0
Cat\9267.jpg,0
Cat\9268.jpg,0
Cat\9269.jpg,0
Cat\9270.jpg,0
Cat\9271.jpg,0
Cat\9272.jpg,0
Cat\9273.jpg,0
Cat\9274.jpg,0
Cat\9275.jpg,0
Cat\9276.jpg,0
Cat\9277.jpg,0
Cat\9278.jpg,0
Cat\9279.jpg,0
Cat\9280.jpg,0
Cat\9281.jpg,0
Cat\9282.jpg,0
Cat\9283.jpg,0
Cat\9284.jpg,0
Cat\9285.jpg,0
Cat\9286.jpg,0
Cat\9287.jpg,0
Cat\9288.jpg,0
Cat\9289.jpg,0
Cat\9290.jpg,0
Cat\9291.jpg,0
Cat\9292.jpg,0
Cat\9293.jpg,0
Cat\9294.jpg,0
Cat\9295.jpg,0
Cat\9296.jpg,0
Cat\9297.jpg,0
Cat\9298.jpg,0
Cat\9299.jpg,0
Cat\9300.jpg,0
Cat\9301.jpg,0
Cat\9302.jpg,0
Cat\9303.jpg,0
Cat\9304.jpg,0
Cat\9305.jpg,0
Cat\9306.jpg,0
Cat\9307.jpg,0
Cat\9308.jpg,0
Cat\9309.jpg,0
Cat\9310.jpg,0
Cat\9311.jpg,0
Cat\9312.jpg,0
Cat\9313.jpg,0
Cat\9314.jpg,0
Cat\9315.jpg,0
Cat\9316.jpg,0
Cat\9317.jpg,0
Cat\9318.jpg,0
Cat\9319.jpg,0
Cat\9320.jpg,0
Cat\9321.jpg,0
Cat\9322.jpg,0
Cat\9323.jpg,0
Cat\9324.jpg,0
Cat\9325.jpg,0
Cat\9326.jpg,0
Cat\9327.jpg,0
Cat\9328.jpg,0
Cat\9329.jpg,0
Cat\9330.jpg,0
Cat\9331.jpg,0
Cat\9332.jpg,0
Cat\9333.jpg,0
Cat\9334.jpg,0
Cat\9335.jpg,0
Cat\9336.jpg,0
Cat\9337.jpg,0
Cat\9338.jpg,0
Cat\9339.jpg,0
Cat\9340.jpg,0
Cat\9341.jpg,0
Cat\9342.jpg,0
Cat\9343.jpg,0
Cat\9344.jpg,0
Cat\9345.jpg,0
Cat\9346.jpg,0
Cat\9347.jpg,0
Cat\9348.jpg,0
Cat\9349.jpg,0
Cat\9350.jpg,0
Cat\9351.jpg,0
Cat\9352.jpg,0
Cat\9353.jpg,0
Cat\9354.jpg,0
Cat\9355.jpg,0
Cat\9356.jpg,0
Cat\9357.jpg,0
Cat\9358.jpg,0
Cat\9359.jpg,0
Cat\9360.jpg,0
Cat\9361.jpg,0
Cat\9362.jpg,0
Cat\9363.jpg,0
Cat\9364.jpg,0
Cat\9365.jpg,0
Cat\9366.jpg,0
Cat\9367.jpg,0
Cat\9368.jpg,0
Cat\9369.jpg,0
Cat\9370.jpg,0
Cat\9371.jpg,0
Cat\9372.jpg,0
Cat\9373.jpg,0
Cat\9374.jpg,0
Cat\9375.jpg,0
Cat\9376.jpg,0
Cat\9377.jpg,0
Cat\9378.jpg,0
Cat\9379.jpg,0
Cat\9380.jpg,0
Cat\9381.jpg,0
Cat\9382.jpg,0
Cat\9383.jpg,0
Cat\9384.jpg,0
Cat\9385.jpg,0
Cat\9386.jpg,0
Cat\9387.jpg,0
Cat\9388.jpg,0
Cat\9389.jpg,0
Cat\9390.jpg,0
Cat\9391.jpg,0
Cat\9392.jpg,0
Cat\9393.jpg,0
Cat\9394.jpg,0
Cat\9395.jpg,0
Cat\9396.jpg,0
Cat\9397.jpg,0
Cat\9398.jpg,0
Cat\9399.jpg,0
Cat\9400.jpg,0
Cat\9401.jpg,0
Cat\9402.jpg,0
Cat\9403.jpg,0
Cat\9404.jpg,0
Cat\9405.jpg,0
Cat\9406.jpg,0
Cat\9407.jpg,0
Cat\9408.jpg,0
Cat\9409.jpg,0
Cat\9410.jpg,0
Cat\9411.jpg,0
Cat\9412.jpg,0
Cat\9413.jpg,0
Cat\9414.jpg,0
Cat\9415.jpg,0
Cat\9416.jpg,0
Cat\9417.jpg,0
Cat\9418.jpg,0
Cat\9419.jpg,0
Cat\9420.jpg,0
Cat\9421.jpg,0
Cat\9422.jpg,0
Cat\9423.jpg,0
Cat\9424.jpg,0
Cat\9425.jpg,0
Cat\9426.jpg,0
Cat\9427.jpg,0
Cat\9428.jpg,0
Cat\9429.jpg,0
Cat\9430.jpg,0
Cat\9431.jpg,0
Cat\9432.jpg,0
Cat\9433.jpg,0
Cat\9434.jpg,0
Cat\9435.jpg,0
Cat\9436.jpg,0
Cat\9437.jpg,0
Cat\9438.jpg,0
Cat\9439.jpg,0
Cat\9440.jpg,0
Cat\9441.jpg,0
Cat\9442.jpg,0
Cat\9443.jpg,0
Cat\9444.jpg,0
Cat\9445.jpg,0
Cat\9446.jpg,0
Cat\9447.jpg,0
Cat\9448.jpg,0
Cat\9449.jpg,0
Cat\9450.jpg,0
Cat\9451.jpg,0
Cat\9452.jpg,0
Cat\9453.jpg,0
Cat\9454.jpg,0
Cat\9455.jpg,0
Cat\9456.jpg,0
Cat\9457.jpg,0
Cat\9458.jpg,0
Cat\9459.jpg,0
Cat\9460.jpg,0
Cat\9461.jpg,0
Cat\9462.jpg,0
Cat\9463.jpg,0
Cat\9464.jpg,0
Cat\9465.jpg,0
Cat\9466.jpg,0
Cat\9467.jpg,0
Cat\9468.jpg,0
Cat\9469.jpg,0
Cat\9470.jpg,0
Cat\9471.jpg,0
Cat\9472.jpg,0
Cat\9473.jpg,0
Cat\9474.jpg,0
Cat\9475.jpg,0
Cat\9476.jpg,0
Cat\9477.jpg,0
Cat\9478.jpg,0
Cat\9479.jpg,0
Cat\9480.jpg,0
Cat\9481.jpg,0
Cat\9482.jpg,0
Cat\9483.jpg,0
Cat\9484.jpg,0
Cat\9485.jpg,0
Cat\9486.jpg,0
Cat\9487.jpg,0
Cat\9488.jpg,0
Cat\9489.jpg,0
Cat\9490.jpg,0
Cat\9491.jpg,0
Cat\9492.jpg,0
Cat\9493.jpg,0
Cat\9494.jpg,0
Cat\9495.jpg,0
Cat\9496.jpg,0
Cat\9497.jpg,0
Cat\9498.jpg,0
Cat\9499.jpg,0
Cat\9500.jpg,0
Cat\9501.jpg,0
Cat\9502.jpg,0
Cat\9503.jpg,0
Cat\9504.jpg,0
Cat\9505.jpg,0
Cat\9506.jpg,0
Cat\9507.jpg,0
Cat\9508.jpg,0
Cat\9509.jpg,0
Cat\9510.jpg,0
Cat\9511.jpg,0
Cat\9512.jpg,0
Cat\9513.jpg,0
Cat\9514.jpg,0
Cat\9515.jpg,0
Cat\9516.jpg,0
Cat\9517.jpg,0
Cat\9518.jpg,0
Cat\9519.jpg,0
Cat\9520.jpg,0
Cat\9521.jpg,0
Cat\9522.jpg,0
Cat\9523.jpg,0
Cat\9524.jpg,0
Cat\9525.jpg,0
Cat\9526.jpg,0
Cat\9527.jpg,0
Cat\9528.jpg,0
Cat\9529.jpg,0
Cat\9530.jpg,0
Cat\9531.jpg,0
Cat\9532.jpg,0
Cat\9533.jpg,0
Cat\9534.jpg,0
Cat\9535.jpg,0
Cat\9536.jpg,0
Cat\9537.jpg,0
Cat\9538.jpg,0
Cat\9539.jpg,0
Cat\9540.jpg,0
Cat\9541.jpg,0
Cat\9542.jpg,0
Cat\9543.jpg,0
Cat\9544.jpg,0
Cat\9545.jpg,0
Cat\9546.jpg,0
Cat\9547.jpg,0
Cat\9548.jpg,0
Cat\9549.jpg,0
Cat\9550.jpg,0
Cat\9551.jpg,0
Cat\9552.jpg,0
Cat\9553.jpg,0
Cat\9554.jpg,0
Cat\9555.jpg,0
Cat\9556.jpg,0
Cat\9557.jpg,0
Cat\9558.jpg,0
Cat\9559.jpg,0
Cat\9560.jpg,0
Cat\9561.jpg,0
Cat\9562.jpg,0
Cat\9563.jpg,0
Cat\9564.jpg,0
Cat\9566.jpg,0
Cat\9567.jpg,0
Cat\9568.jpg,0
Cat\9569.jpg,0
Cat\9570.jpg,0
Cat\9571.jpg,0
Cat\9572.jpg,0
Cat\9573.jpg,0
Cat\9574.jpg,0
Cat\9575.jpg,0
Cat\9576.jpg,0
Cat\9577.jpg,0
Cat\9578.jpg,0
Cat\9579.jpg,0
Cat\9580.jpg,0
Cat\9581.jpg,0
Cat\9582.jpg,0
Cat\9583.jpg,0
Cat\9584.jpg,0
Cat\9585.jpg,0
Cat\9586.jpg,0
Cat\9587.jpg,0
Cat\9588.jpg,0
Cat\9589.jpg,0
Cat\9590.jpg,0
Cat\9591.jpg,0
Cat\9592.jpg,0
Cat\9593.jpg,0
Cat\9594.jpg,0
Cat\9595.jpg,0
Cat\9596.jpg,0
Cat\9597.jpg,0
Cat\9598.jpg,0
Cat\9599.jpg,0
Cat\9600.jpg,0
Cat\9601.jpg,0
Cat\9602.jpg,0
Cat\9603.jpg,0
Cat\9604.jpg,0
Cat\9605.jpg,0
Cat\9606.jpg,0
Cat\9607.jpg,0
Cat\9608.jpg,0
Cat\9609.jpg,0
Cat\9610.jpg,0
Cat\9611.jpg,0
Cat\9612.jpg,0
Cat\9613.jpg,0
Cat\9614.jpg,0
Cat\9615.jpg,0
Cat\9616.jpg,0
Cat\9617.jpg,0
Cat\9618.jpg,0
Cat\9619.jpg,0
Cat\9620.jpg,0
Cat\9621.jpg,0
Cat\9622.jpg,0
Cat\9623.jpg,0
Cat\9624.jpg,0
Cat\9625.jpg,0
Cat\9626.jpg,0
Cat\9627.jpg,0
Cat\9628.jpg,0
Cat\9629.jpg,0
Cat\9630.jpg,0
Cat\9631.jpg,0
Cat\9632.jpg,0
Cat\9633.jpg,0
Cat\9634.jpg,0
Cat\9635.jpg,0
Cat\9636.jpg,0
Cat\9637.jpg,0
Cat\9638.jpg,0
Cat\9639.jpg,0
Cat\9640.jpg,0
Cat\9641.jpg,0
Cat\9642.jpg,0
Cat\9643.jpg,0
Cat\9644.jpg,0
Cat\9645.jpg,0
Cat\9646.jpg,0
Cat\9647.jpg,0
Cat\9648.jpg,0
Cat\9649.jpg,0
Cat\9650.jpg,0
Cat\9651.jpg,0
Cat\9652.jpg,0
Cat\9653.jpg,0
Cat\9654.jpg,0
Cat\9655.jpg,0
Cat\9656.jpg,0
Cat\9657.jpg,0
Cat\9658.jpg,0
Cat\9659.jpg,0
Cat\9660.jpg,0
Cat\9661.jpg,0
Cat\9662.jpg,0
Cat\9663.jpg,0
Cat\9664.jpg,0
Cat\9665.jpg,0
Cat\9666.jpg,0
Cat\9667.jpg,0
Cat\9668.jpg,0
Cat\9669.jpg,0
Cat\9670.jpg,0
Cat\9671.jpg,0
Cat\9672.jpg,0
Cat\9673.jpg,0
Cat\9674.jpg,0
Cat\9675.jpg,0
Cat\9676.jpg,0
Cat\9677.jpg,0
Cat\9678.jpg,0
Cat\9679.jpg,0
Cat\9680.jpg,0
Cat\9681.jpg,0
Cat\9682.jpg,0
Cat\9683.jpg,0
Cat\9684.jpg,0
Cat\9685.jpg,0
Cat\9686.jpg,0
Cat\9687.jpg,0
Cat\9688.jpg,0
Cat\9689.jpg,0
Cat\9690.jpg,0
Cat\9691.jpg,0
Cat\9692.jpg,0
Cat\9693.jpg,0
Cat\9694.jpg,0
Cat\9695.jpg,0
Cat\9696.jpg,0
Cat\9697.jpg,0
Cat\9698.jpg,0
Cat\9699.jpg,0
Cat\9700.jpg,0
Cat\9701.jpg,0
Cat\9702.jpg,0
Cat\9703.jpg,0
Cat\9704.jpg,0
Cat\9705.jpg,0
Cat\9706.jpg,0
Cat\9707.jpg,0
Cat\9708.jpg,0
Cat\9709.jpg,0
Cat\9710.jpg,0
Cat\9711.jpg,0
Cat\9712.jpg,0
Cat\9713.jpg,0
Cat\9714.jpg,0
Cat\9715.jpg,0
Cat\9716.jpg,0
Cat\9717.jpg,0
Cat\9718.jpg,0
Cat\9719.jpg,0
Cat\9720.jpg,0
Cat\9721.jpg,0
Cat\9722.jpg,0
Cat\9723.jpg,0
Cat\9724.jpg,0
Cat\9725.jpg,0
Cat\9726.jpg,0
Cat\9727.jpg,0
Cat\9728.jpg,0
Cat\9729.jpg,0
Cat\9730.jpg,0
Cat\9731.jpg,0
Cat\9732.jpg,0
Cat\9733.jpg,0
Cat\9734.jpg,0
Cat\9735.jpg,0
Cat\9736.jpg,0
Cat\9737.jpg,0
Cat\9738.jpg,0
Cat\9739.jpg,0
Cat\9740.jpg,0
Cat\9741.jpg,0
Cat\9742.jpg,0
Cat\9743.jpg,0
Cat\9744.jpg,0
Cat\9745.jpg,0
Cat\9746.jpg,0
Cat\9747.jpg,0
Cat\9748.jpg,0
Cat\9749.jpg,0
Cat\9750.jpg,0
Cat\9751.jpg,0
Cat\9752.jpg,0
Cat\9753.jpg,0
Cat\9754.jpg,0
Cat\9755.jpg,0
Cat\9756.jpg,0
Cat\9757.jpg,0
Cat\9758.jpg,0
Cat\9759.jpg,0
Cat\9760.jpg,0
Cat\9761.jpg,0
Cat\9762.jpg,0
Cat\9763.jpg,0
Cat\9764.jpg,0
Cat\9765.jpg,0
Cat\9766.jpg,0
Cat\9767.jpg,0
Cat\9768.jpg,0
Cat\9769.jpg,0
Cat\9770.jpg,0
Cat\9771.jpg,0
Cat\9772.jpg,0
Cat\9773.jpg,0
Cat\9774.jpg,0
Cat\9775.jpg,0
Cat\9776.jpg,0
Cat\9777.jpg,0
Cat\9779.jpg,0
Cat\9780.jpg,0
Cat\9781.jpg,0
Cat\9782.jpg,0
Cat\9783.jpg,0
Cat\9784.jpg,0
Cat\9785.jpg,0
Cat\9786.jpg,0
Cat\9787.jpg,0
Cat\9788.jpg,0
Cat\9789.jpg,0
Cat\9790.jpg,0
Cat\9791.jpg,0
Cat\9792.jpg,0
Cat\9793.jpg,0
Cat\9794.jpg,0
Cat\9795.jpg,0
Cat\9796.jpg,0
Cat\9797.jpg,0
Cat\9798.jpg,0
Cat\9799.jpg,0
Cat\9800.jpg,0
Cat\9801.jpg,0
Cat\9802.jpg,0
Cat\9803.jpg,0
Cat\9804.jpg,0
Cat\9805.jpg,0
Cat\9806.jpg,0
Cat\9807.jpg,0
Cat\9808.jpg,0
Cat\9809.jpg,0
Cat\9810.jpg,0
Cat\9811.jpg,0
Cat\9812.jpg,0
Cat\9813.jpg,0
Cat\9814.jpg,0
Cat\9815.jpg,0
Cat\9816.jpg,0
Cat\9817.jpg,0
Cat\9818.jpg,0
Cat\9819.jpg,0
Cat\9820.jpg,0
Cat\9821.jpg,0
Cat\9822.jpg,0
Cat\9823.jpg,0
Cat\9824.jpg,0
Cat\9825.jpg,0
Cat\9826.jpg,0
Cat\9827.jpg,0
Cat\9828.jpg,0
Cat\9829.jpg,0
Cat\9830.jpg,0
Cat\9831.jpg,0
Cat\9832.jpg,0
Cat\9833.jpg,0
Cat\9834.jpg,0
Cat\9835.jpg,0
Cat\9836.jpg,0
Cat\9837.jpg,0
Cat\9838.jpg,0
Cat\9839.jpg,0
Cat\9840.jpg,0
Cat\9841.jpg,0
Cat\9842.jpg,0
Cat\9843.jpg,0
Cat\9844.jpg,0
Cat\9845.jpg,0
Cat\9846.jpg,0
Cat\9847.jpg,0
Cat\9848.jpg,0
Cat\9849.jpg,0
Cat\9850.jpg,0
Cat\9851.jpg,0
Cat\9852.jpg,0
Cat\9853.jpg,0
Cat\9854.jpg,0
Cat\9855.jpg,0
Cat\9856.jpg,0
Cat\9857.jpg,0
Cat\9858.jpg,0
Cat\9859.jpg,0
Cat\9860.jpg,0
Cat\9861.jpg,0
Cat\9862.jpg,0
Cat\9863.jpg,0
Cat\9864.jpg,0
Cat\9865.jpg,0
Cat\9866.jpg,0
Cat\9867.jpg,0
Cat\9868.jpg,0
Cat\9869.jpg,0
Cat\9870.jpg,0
Cat\9871.jpg,0
Cat\9872.jpg,0
Cat\9873.jpg,0
Cat\9874.jpg,0
Cat\9875.jpg,0
Cat\9876.jpg,0
Cat\9877.jpg,0
Cat\9878.jpg,0
Cat\9879.jpg,0
Cat\9880.jpg,0
Cat\9881.jpg,0
Cat\9882.jpg,0
Cat\9883.jpg,0
Cat\9884.jpg,0
Cat\9885.jpg,0
Cat\9886.jpg,0
Cat\9887.jpg,0
Cat\9888.jpg,0
Cat\9889.jpg,0
Cat\9890.jpg,0
Cat\9891.jpg,0
Cat\9892.jpg,0
Cat\9893.jpg,0
Cat\9894.jpg,0
Cat\9895.jpg,0
Cat\9896.jpg,0
Cat\9897.jpg,0
Cat\9898.jpg,0
Cat\9899.jpg,0
Cat\9900.jpg,0
Cat\9901.jpg,0
Cat\9902.jpg,0
Cat\9903.jpg,0
Cat\9904.jpg,0
Cat\9905.jpg,0
Cat\9906.jpg,0
Cat\9907.jpg,0
Cat\9908.jpg,0
Cat\9909.jpg,0
Cat\9910.jpg,0
Cat\9911.jpg,0
Cat\9912.jpg,0
Cat\9913.jpg,0
Cat\9914.jpg,0
Cat\9915.jpg,0
Cat\9916.jpg,0
Cat\9917.jpg,0
Cat\9918.jpg,0
Cat\9919.jpg,0
Cat\9920.jpg,0
Cat\9921.jpg,0
Cat\9922.jpg,0
Cat\9923.jpg,0
Cat\9924.jpg,0
Cat\9925.jpg,0
Cat\9926.jpg,0
Cat\9927.jpg,0
Cat\9928.jpg,0
Cat\9929.jpg,0
Cat\9930.jpg,0
Cat\9931.jpg,0
Cat\9932.jpg,0
Cat\9933.jpg,0
Cat\9934.jpg,0
Cat\9935.jpg,0
Cat\9936.jpg,0
Cat\9937.jpg,0
Cat\9938.jpg,0
Cat\9939.jpg,0
Cat\9940.jpg,0
Cat\9941.jpg,0
Cat\9942.jpg,0
Cat\9943.jpg,0
Cat\9944.jpg,0
Cat\9945.jpg,0
Cat\9946.jpg,0
Cat\9947.jpg,0
Cat\9948.jpg,0
Cat\9949.jpg,0
Cat\9950.jpg,0
Cat\9951.jpg,0
Cat\9952.jpg,0
Cat\9953.jpg,0
Cat\9954.jpg,0
Cat\9955.jpg,0
Cat\9956.jpg,0
Cat\9957.jpg,0
Cat\9958.jpg,0
Cat\9959.jpg,0
Cat\9960.jpg,0
Cat\9961.jpg,0
Cat\9962.jpg,0
Cat\9963.jpg,0
Cat\9964.jpg,0
Cat\9965.jpg,0
Cat\9966.jpg,0
Cat\9967.jpg,0
Cat\9968.jpg,0
Cat\9969.jpg,0
Cat\9970.jpg,0
Cat\9971.jpg,0
Cat\9972.jpg,0
Cat\9973.jpg,0
Cat\9974.jpg,0
Cat\9975.jpg,0
Cat\9976.jpg,0
Cat\9977.jpg,0
Cat\9978.jpg,0
Cat\9979.jpg,0
Cat\9980.jpg,0
Cat\9981.jpg,0
Cat\9982.jpg,0
Cat\9983.jpg,0
Cat\9984.jpg,0
Cat\9985.jpg,0
Cat\9986.jpg,0
Cat\9987.jpg,0
Cat\9988.jpg,0
Cat\9989.jpg,0
Cat\9990.jpg,0
Cat\9991.jpg,0
Cat\9992.jpg,0
Cat\9993.jpg,0
Cat\9994.jpg,0
Cat\9995.jpg,0
Cat\9996.jpg,0
Cat\9997.jpg,0
Cat\9998.jpg,0
Cat\9999.jpg,0
Dog\10000.jpg,1
Dog\10001.jpg,1
Dog\10002.jpg,1
Dog\10003.jpg,1
Dog\10004.jpg,1
Dog\10005.jpg,1
Dog\10006.jpg,1
Dog\10007.jpg,1
Dog\10008.jpg,1
Dog\10009.jpg,1
Dog\10010.jpg,1
Dog\10011.jpg,1
Dog\10012.jpg,1
Dog\10013.jpg,1
Dog\10014.jpg,1
Dog\10015.jpg,1
Dog\10016.jpg,1
Dog\10017.jpg,1
Dog\10018.jpg,1
Dog\10019.jpg,1
Dog\10020.jpg,1
Dog\10021.jpg,1
Dog\10022.jpg,1
Dog\10023.jpg,1
Dog\10024.jpg,1
Dog\10025.jpg,1
Dog\10026.jpg,1
Dog\10027.jpg,1
Dog\10028.jpg,1
Dog\10029.jpg,1
Dog\10030.jpg,1
Dog\10031.jpg,1
Dog\10032.jpg,1
Dog\10033.jpg,1
Dog\10034.jpg,1
Dog\10035.jpg,1
Dog\10036.jpg,1
Dog\10037.jpg,1
Dog\10038.jpg,1
Dog\10039.jpg,1
Dog\10040.jpg,1
Dog\10041.jpg,1
Dog\10042.jpg,1
Dog\10043.jpg,1
Dog\10044.jpg,1
Dog\10045.jpg,1
Dog\10046.jpg,1
Dog\10047.jpg,1
Dog\10048.jpg,1
Dog\10049.jpg,1
Dog\10050.jpg,1
Dog\10051.jpg,1
Dog\10052.jpg,1
Dog\10053.jpg,1
Dog\10054.jpg,1
Dog\10055.jpg,1
Dog\10056.jpg,1
Dog\10057.jpg,1
Dog\10058.jpg,1
Dog\10059.jpg,1
Dog\10060.jpg,1
Dog\10061.jpg,1
Dog\10062.jpg,1
Dog\10063.jpg,1
Dog\10064.jpg,1
Dog\10065.jpg,1
Dog\10066.jpg,1
Dog\10067.jpg,1
Dog\10068.jpg,1
Dog\10069.jpg,1
Dog\10070.jpg,1
Dog\10071.jpg,1
Dog\10072.jpg,1
Dog\10073.jpg,1
Dog\10074.jpg,1
Dog\10075.jpg,1
Dog\10076.jpg,1
Dog\10077.jpg,1
Dog\10078.jpg,1
Dog\10079.jpg,1
Dog\10080.jpg,1
Dog\10081.jpg,1
Dog\10082.jpg,1
Dog\10083.jpg,1
Dog\10084.jpg,1
Dog\10085.jpg,1
Dog\10086.jpg,1
Dog\10087.jpg,1
Dog\10088.jpg,1
Dog\10089.jpg,1
Dog\10090.jpg,1
Dog\10091.jpg,1
Dog\10092.jpg,1
Dog\10093.jpg,1
Dog\10094.jpg,1
Dog\10095.jpg,1
Dog\10096.jpg,1
Dog\10097.jpg,1
Dog\10098.jpg,1
Dog\10099.jpg,1
Dog\10100.jpg,1
Dog\10101.jpg,1
Dog\10102.jpg,1
Dog\10103.jpg,1
Dog\10104.jpg,1
Dog\10105.jpg,1
Dog\10106.jpg,1
Dog\10107.jpg,1
Dog\10108.jpg,1
Dog\10109.jpg,1
Dog\10110.jpg,1
Dog\10111.jpg,1
Dog\10112.jpg,1
Dog\10113.jpg,1
Dog\10114.jpg,1
Dog\10115.jpg,1
Dog\10116.jpg,1
Dog\10117.jpg,1
Dog\10118.jpg,1
Dog\10119.jpg,1
Dog\10120.jpg,1
Dog\10121.jpg,1
Dog\10122.jpg,1
Dog\10123.jpg,1
Dog\10124.jpg,1
Dog\10125.jpg,1
Dog\10126.jpg,1
Dog\10127.jpg,1
Dog\10128.jpg,1
Dog\10129.jpg,1
Dog\10130.jpg,1
Dog\10131.jpg,1
Dog\10132.jpg,1
Dog\10133.jpg,1
Dog\10134.jpg,1
Dog\10135.jpg,1
Dog\10136.jpg,1
Dog\10137.jpg,1
Dog\10138.jpg,1
Dog\10139.jpg,1
Dog\10140.jpg,1
Dog\10141.jpg,1
Dog\10142.jpg,1
Dog\10143.jpg,1
Dog\10144.jpg,1
Dog\10145.jpg,1
Dog\10146.jpg,1
Dog\10147.jpg,1
Dog\10148.jpg,1
Dog\10149.jpg,1
Dog\10150.jpg,1
Dog\10151.jpg,1
Dog\10152.jpg,1
Dog\10153.jpg,1
Dog\10154.jpg,1
Dog\10155.jpg,1
Dog\10156.jpg,1
Dog\10157.jpg,1
Dog\10159.jpg,1
Dog\10160.jpg,1
Dog\10161.jpg,1
Dog\10162.jpg,1
Dog\10163.jpg,1
Dog\10164.jpg,1
Dog\10165.jpg,1
Dog\10166.jpg,1
Dog\10167.jpg,1
Dog\10168.jpg,1
Dog\10169.jpg,1
Dog\10170.jpg,1
Dog\10171.jpg,1
Dog\10172.jpg,1
Dog\10173.jpg,1
Dog\10174.jpg,1
Dog\10175.jpg,1
Dog\10176.jpg,1
Dog\10177.jpg,1
Dog\10178.jpg,1
Dog\10179.jpg,1
Dog\10180.jpg,1
Dog\10181.jpg,1
Dog\10182.jpg,1
Dog\10183.jpg,1
Dog\10184.jpg,1
Dog\10185.jpg,1
Dog\10186.jpg,1
Dog\10187.jpg,1
Dog\10188.jpg,1
Dog\10189.jpg,1
Dog\10190.jpg,1
Dog\10191.jpg,1
Dog\10192.jpg,1
Dog\10193.jpg,1
Dog\10194.jpg,1
Dog\10195.jpg,1
Dog\10196.jpg,1
Dog\10197.jpg,1
Dog\10198.jpg,1
Dog\10199.jpg,1
Dog\10200.jpg,1
Dog\10201.jpg,1
Dog\10202.jpg,1
Dog\10203.jpg,1
Dog\10204.jpg,1
Dog\10205.jpg,1
Dog\10206.jpg,1
Dog\10207.jpg,1
Dog\10208.jpg,1
Dog\10209.jpg,1
Dog\10210.jpg,1
Dog\10211.jpg,1
Dog\10212.jpg,1
Dog\10213.jpg,1
Dog\10214.jpg,1
Dog\10215.jpg,1
Dog\10216.jpg,1
Dog\10217.jpg,1
Dog\10218.jpg,1
Dog\10219.jpg,1
Dog\10220.jpg,1
Dog\10221.jpg,1
Dog\10222.jpg,1
Dog\10223.jpg,1
Dog\10224.jpg,1
Dog\10225.jpg,1
Dog\10226.jpg,1
Dog\10227.jpg,1
Dog\10228.jpg,1
Dog\10229.jpg,1
Dog\10230.jpg,1
Dog\10231.jpg,1
Dog\10232.jpg,1
Dog\10233.jpg,1
Dog\10234.jpg,1
Dog\10235.jpg,1
Dog\10236.jpg,1
Dog\10237.jpg,1
Dog\10238.jpg,1
Dog\10239.jpg,1
Dog\10240.jpg,1
Dog\10241.jpg,1
Dog\10242.jpg,1
Dog\10243.jpg,1
Dog\10244.jpg,1
Dog\10245.jpg,1
Dog\10246.jpg,1
Dog\10247.jpg,1
Dog\10248.jpg,1
Dog\10249.jpg,1
Dog\10250.jpg,1
Dog\10251.jpg,1
Dog\10252.jpg,1
Dog\10253.jpg,1
Dog\10254.jpg,1
Dog\10255.jpg,1
Dog\10256.jpg,1
Dog\10257.jpg,1
Dog\10258.jpg,1
Dog\10259.jpg,1
Dog\10260.jpg,1
Dog\10261.jpg,1
Dog\10262.jpg,1
Dog\10263.jpg,1
Dog\10264.jpg,1
Dog\10265.jpg,1
Dog\10266.jpg,1
Dog\10267.jpg,1
Dog\10268.jpg,1
Dog\10269.jpg,1
Dog\10270.jpg,1
Dog\10271.jpg,1
Dog\10272.jpg,1
Dog\10273.jpg,1
Dog\10274.jpg,1
Dog\10275.jpg,1
Dog\10276.jpg,1
Dog\10277.jpg,1
Dog\10278.jpg,1
Dog\10279.jpg,1
Dog\10280.jpg,1
Dog\10281.jpg,1
Dog\10282.jpg,1
Dog\10283.jpg,1
Dog\10284.jpg,1
Dog\10285.jpg,1
Dog\10286.jpg,1
Dog\10287.jpg,1
Dog\10288.jpg,1
Dog\10289.jpg,1
Dog\10290.jpg,1
Dog\10291.jpg,1
Dog\10292.jpg,1
Dog\10293.jpg,1
Dog\10294.jpg,1
Dog\10295.jpg,1
Dog\10296.jpg,1
Dog\10297.jpg,1
Dog\10298.jpg,1
Dog\10299.jpg,1
Dog\10300.jpg,1
Dog\10301.jpg,1
Dog\10302.jpg,1
Dog\10303.jpg,1
Dog\10304.jpg,1
Dog\10305.jpg,1
Dog\10306.jpg,1
Dog\10307.jpg,1
Dog\10308.jpg,1
Dog\10309.jpg,1
Dog\10310.jpg,1
Dog\10311.jpg,1
Dog\10312.jpg,1
Dog\10313.jpg,1
Dog\10314.jpg,1
Dog\10315.jpg,1
Dog\10316.jpg,1
Dog\10317.jpg,1
Dog\10318.jpg,1
Dog\10319.jpg,1
Dog\10320.jpg,1
Dog\10321.jpg,1
Dog\10322.jpg,1
Dog\10323.jpg,1
Dog\10324.jpg,1
Dog\10325.jpg,1
Dog\10326.jpg,1
Dog\10327.jpg,1
Dog\10328.jpg,1
Dog\10329.jpg,1
Dog\10330.jpg,1
Dog\10331.jpg,1
Dog\10332.jpg,1
Dog\10333.jpg,1
Dog\10334.jpg,1
Dog\10335.jpg,1
Dog\10336.jpg,1
Dog\10337.jpg,1
Dog\10338.jpg,1
Dog\10339.jpg,1
Dog\10340.jpg,1
Dog\10341.jpg,1
Dog\10342.jpg,1
Dog\10343.jpg,1
Dog\10344.jpg,1
Dog\10345.jpg,1
Dog\10346.jpg,1
Dog\10347.jpg,1
Dog\10348.jpg,1
Dog\10349.jpg,1
Dog\10350.jpg,1
Dog\10351.jpg,1
Dog\10352.jpg,1
Dog\10353.jpg,1
Dog\10354.jpg,1
Dog\10355.jpg,1
Dog\10356.jpg,1
Dog\10357.jpg,1
Dog\10358.jpg,1
Dog\10359.jpg,1
Dog\10360.jpg,1
Dog\10361.jpg,1
Dog\10362.jpg,1
Dog\10363.jpg,1
Dog\10364.jpg,1
Dog\10365.jpg,1
Dog\10366.jpg,1
Dog\10367.jpg,1
Dog\10368.jpg,1
Dog\10369.jpg,1
Dog\10370.jpg,1
Dog\10371.jpg,1
Dog\10372.jpg,1
Dog\10373.jpg,1
Dog\10374.jpg,1
Dog\10375.jpg,1
Dog\10376.jpg,1
Dog\10377.jpg,1
Dog\10378.jpg,1
Dog\10379.jpg,1
Dog\10380.jpg,1
Dog\10381.jpg,1
Dog\10382.jpg,1
Dog\10383.jpg,1
Dog\10384.jpg,1
Dog\10385.jpg,1
Dog\10386.jpg,1
Dog\10387.jpg,1
Dog\10388.jpg,1
Dog\10389.jpg,1
Dog\10390.jpg,1
Dog\10391.jpg,1
Dog\10392.jpg,1
Dog\10393.jpg,1
Dog\10394.jpg,1
Dog\10395.jpg,1
Dog\10396.jpg,1
Dog\10397.jpg,1
Dog\10398.jpg,1
Dog\10399.jpg,1
Dog\10400.jpg,1
Dog\10402.jpg,1
Dog\10403.jpg,1
Dog\10404.jpg,1
Dog\10405.jpg,1
Dog\10406.jpg,1
Dog\10407.jpg,1
Dog\10408.jpg,1
Dog\10409.jpg,1
Dog\10410.jpg,1
Dog\10411.jpg,1
Dog\10412.jpg,1
Dog\10413.jpg,1
Dog\10414.jpg,1
Dog\10415.jpg,1
Dog\10416.jpg,1
Dog\10417.jpg,1
Dog\10418.jpg,1
Dog\10419.jpg,1
Dog\10420.jpg,1
Dog\10421.jpg,1
Dog\10422.jpg,1
Dog\10423.jpg,1
Dog\10424.jpg,1
Dog\10425.jpg,1
Dog\10426.jpg,1
Dog\10427.jpg,1
Dog\10428.jpg,1
Dog\10429.jpg,1
Dog\10430.jpg,1
Dog\10431.jpg,1
Dog\10432.jpg,1
Dog\10433.jpg,1
Dog\10434.jpg,1
Dog\10435.jpg,1
Dog\10436.jpg,1
Dog\10437.jpg,1
Dog\10438.jpg,1
Dog\10439.jpg,1
Dog\10440.jpg,1
Dog\10441.jpg,1
Dog\10442.jpg,1
Dog\10443.jpg,1
Dog\10444.jpg,1
Dog\10445.jpg,1
Dog\10446.jpg,1
Dog\10447.jpg,1
Dog\10448.jpg,1
Dog\10449.jpg,1
Dog\10450.jpg,1
Dog\10451.jpg,1
Dog\10452.jpg,1
Dog\10453.jpg,1
Dog\10454.jpg,1
Dog\10455.jpg,1
Dog\10456.jpg,1
Dog\10457.jpg,1
Dog\10458.jpg,1
Dog\10459.jpg,1
Dog\10460.jpg,1
Dog\10461.jpg,1
Dog\10462.jpg,1
Dog\10463.jpg,1
Dog\10464.jpg,1
Dog\10465.jpg,1
Dog\10466.jpg,1
Dog\10467.jpg,1
Dog\10468.jpg,1
Dog\10469.jpg,1
Dog\10470.jpg,1
Dog\10471.jpg,1
Dog\10472.jpg,1
Dog\10473.jpg,1
Dog\10474.jpg,1
Dog\10475.jpg,1
Dog\10476.jpg,1
Dog\10477.jpg,1
Dog\10478.jpg,1
Dog\10479.jpg,1
Dog\10480.jpg,1
Dog\10481.jpg,1
Dog\10482.jpg,1
Dog\10483.jpg,1
Dog\10484.jpg,1
Dog\10485.jpg,1
Dog\10486.jpg,1
Dog\10487.jpg,1
Dog\10488.jpg,1
Dog\10489.jpg,1
Dog\10490.jpg,1
Dog\10491.jpg,1
Dog\10492.jpg,1
Dog\10493.jpg,1
Dog\10494.jpg,1
Dog\10495.jpg,1
Dog\10496.jpg,1
Dog\10497.jpg,1
Dog\10498.jpg,1
Dog\10499.jpg,1
Dog\10500.jpg,1
Dog\10501.jpg,1
Dog\10502.jpg,1
Dog\10503.jpg,1
Dog\10504.jpg,1
Dog\10505.jpg,1
Dog\10506.jpg,1
Dog\10507.jpg,1
Dog\10508.jpg,1
Dog\10509.jpg,1
Dog\10510.jpg,1
Dog\10511.jpg,1
Dog\10512.jpg,1
Dog\10513.jpg,1
Dog\10514.jpg,1
Dog\10515.jpg,1
Dog\10516.jpg,1
Dog\10517.jpg,1
Dog\10518.jpg,1
Dog\10519.jpg,1
Dog\10520.jpg,1
Dog\10521.jpg,1
Dog\10522.jpg,1
Dog\10523.jpg,1
Dog\10524.jpg,1
Dog\10525.jpg,1
Dog\10526.jpg,1
Dog\10527.jpg,1
Dog\10528.jpg,1
Dog\10529.jpg,1
Dog\10530.jpg,1
Dog\10531.jpg,1
Dog\10532.jpg,1
Dog\10533.jpg,1
Dog\10534.jpg,1
Dog\10535.jpg,1
Dog\10536.jpg,1
Dog\10537.jpg,1
Dog\10538.jpg,1
Dog\10539.jpg,1
Dog\10540.jpg,1
Dog\10541.jpg,1
Dog\10542.jpg,1
Dog\10543.jpg,1
Dog\10544.jpg,1
Dog\10545.jpg,1
Dog\10546.jpg,1
Dog\10547.jpg,1
Dog\10548.jpg,1
Dog\10549.jpg,1
Dog\10550.jpg,1
Dog\10551.jpg,1
Dog\10552.jpg,1
Dog\10553.jpg,1
Dog\10554.jpg,1
Dog\10555.jpg,1
Dog\10556.jpg,1
Dog\10557.jpg,1
Dog\10558.jpg,1
Dog\10559.jpg,1
Dog\10560.jpg,1
Dog\10561.jpg,1
Dog\10562.jpg,1
Dog\10563.jpg,1
Dog\10564.jpg,1
Dog\10565.jpg,1
Dog\10566.jpg,1
Dog\10567.jpg,1
Dog\10568.jpg,1
Dog\10569.jpg,1
Dog\10570.jpg,1
Dog\10571.jpg,1
Dog\10572.jpg,1
Dog\10573.jpg,1
Dog\10574.jpg,1
Dog\10575.jpg,1
Dog\10576.jpg,1
Dog\10577.jpg,1
Dog\10578.jpg,1
Dog\10579.jpg,1
Dog\10580.jpg,1
Dog\10581.jpg,1
Dog\10582.jpg,1
Dog\10583.jpg,1
Dog\10584.jpg,1
Dog\10585.jpg,1
Dog\10586.jpg,1
Dog\10587.jpg,1
Dog\10588.jpg,1
Dog\10589.jpg,1
Dog\10590.jpg,1
Dog\10591.jpg,1
Dog\10592.jpg,1
Dog\10593.jpg,1
Dog\10594.jpg,1
Dog\10595.jpg,1
Dog\10596.jpg,1
Dog\10597.jpg,1
Dog\10598.jpg,1
Dog\10599.jpg,1
Dog\10600.jpg,1
Dog\10601.jpg,1
Dog\10602.jpg,1
Dog\10603.jpg,1
Dog\10604.jpg,1
Dog\10605.jpg,1
Dog\10606.jpg,1
Dog\10607.jpg,1
Dog\10608.jpg,1
Dog\10609.jpg,1
Dog\10610.jpg,1
Dog\10611.jpg,1
Dog\10612.jpg,1
Dog\10613.jpg,1
Dog\10614.jpg,1
Dog\10615.jpg,1
Dog\10616.jpg,1
Dog\10617.jpg,1
Dog\10618.jpg,1
Dog\10619.jpg,1
Dog\10620.jpg,1
Dog\10621.jpg,1
Dog\10622.jpg,1
Dog\10623.jpg,1
Dog\10624.jpg,1
Dog\10625.jpg,1
Dog\10626.jpg,1
Dog\10627.jpg,1
Dog\10628.jpg,1
Dog\10629.jpg,1
Dog\10630.jpg,1
Dog\10631.jpg,1
Dog\10632.jpg,1
Dog\10633.jpg,1
Dog\10634.jpg,1
Dog\10635.jpg,1
Dog\10636.jpg,1
Dog\10637.jpg,1
Dog\10638.jpg,1
Dog\10639.jpg,1
Dog\10640.jpg,1
Dog\10641.jpg,1
Dog\10642.jpg,1
Dog\10643.jpg,1
Dog\10644.jpg,1
Dog\10645.jpg,1
Dog\10646.jpg,1
Dog\10647.jpg,1
Dog\10648.jpg,1
Dog\10649.jpg,1
Dog\10650.jpg,1
Dog\10651.jpg,1
Dog\10652.jpg,1
Dog\10653.jpg,1
Dog\10654.jpg,1
Dog\10655.jpg,1
Dog\10656.jpg,1
Dog\10657.jpg,1
Dog\10658.jpg,1
Dog\10659.jpg,1
Dog\10660.jpg,1
Dog\10661.jpg,1
Dog\10662.jpg,1
Dog\10663.jpg,1
Dog\10664.jpg,1
Dog\10665.jpg,1
Dog\10666.jpg,1
Dog\10667.jpg,1
Dog\10668.jpg,1
Dog\10669.jpg,1
Dog\10670.jpg,1
Dog\10671.jpg,1
Dog\10672.jpg,1
Dog\10673.jpg,1
Dog\10674.jpg,1
Dog\10675.jpg,1
Dog\10676.jpg,1
Dog\10677.jpg,1
Dog\10678.jpg,1
Dog\10679.jpg,1
Dog\10680.jpg,1
Dog\10681.jpg,1
Dog\10682.jpg,1
Dog\10683.jpg,1
Dog\10684.jpg,1
Dog\10685.jpg,1
Dog\10686.jpg,1
Dog\10687.jpg,1
Dog\10688.jpg,1
Dog\10689.jpg,1
Dog\10690.jpg,1
Dog\10691.jpg,1
Dog\10692.jpg,1
Dog\10693.jpg,1
Dog\10694.jpg,1
Dog\10695.jpg,1
Dog\10696.jpg,1
Dog\10697.jpg,1
Dog\10698.jpg,1
Dog\10699.jpg,1
Dog\10700.jpg,1
Dog\10701.jpg,1
Dog\10702.jpg,1
Dog\10703.jpg,1
Dog\10704.jpg,1
Dog\10705.jpg,1
Dog\10706.jpg,1
Dog\10707.jpg,1
Dog\10708.jpg,1
Dog\10709.jpg,1
Dog\10710.jpg,1
Dog\10711.jpg,1
Dog\10712.jpg,1
Dog\10713.jpg,1
Dog\10714.jpg,1
Dog\10715.jpg,1
Dog\10716.jpg,1
Dog\10717.jpg,1
Dog\10718.jpg,1
Dog\10719.jpg,1
Dog\10720.jpg,1
Dog\10721.jpg,1
Dog\10722.jpg,1
Dog\10723.jpg,1
Dog\10724.jpg,1
Dog\10725.jpg,1
Dog\10726.jpg,1
Dog\10727.jpg,1
Dog\10728.jpg,1
Dog\10729.jpg,1
Dog\10730.jpg,1
Dog\10731.jpg,1
Dog\10732.jpg,1
Dog\10733.jpg,1
Dog\10734.jpg,1
Dog\10735.jpg,1
Dog\10736.jpg,1
Dog\10737.jpg,1
Dog\10738.jpg,1
Dog\10739.jpg,1
Dog\10740.jpg,1
Dog\10741.jpg,1
Dog\10742.jpg,1
Dog\10743.jpg,1
Dog\10744.jpg,1
Dog\10745.jpg,1
Dog\10746.jpg,1
Dog\10748.jpg,1
Dog\10749.jpg,1
Dog\10750.jpg,1
Dog\10751.jpg,1
Dog\10752.jpg,1
Dog\10753.jpg,1
Dog\10754.jpg,1
Dog\10755.jpg,1
Dog\10756.jpg,1
Dog\10757.jpg,1
Dog\10758.jpg,1
Dog\10759.jpg,1
Dog\10760.jpg,1
Dog\10761.jpg,1
Dog\10762.jpg,1
Dog\10763.jpg,1
Dog\10764.jpg,1
Dog\10765.jpg,1
Dog\10766.jpg,1
Dog\10767.jpg,1
Dog\10768.jpg,1
Dog\10769.jpg,1
Dog\10770.jpg,1
Dog\10771.jpg,1
Dog\10772.jpg,1
Dog\10773.jpg,1
Dog\10774.jpg,1
Dog\10775.jpg,1
Dog\10776.jpg,1
Dog\10777.jpg,1
Dog\10778.jpg,1
Dog\10779.jpg,1
Dog\10780.jpg,1
Dog\10781.jpg,1
Dog\10782.jpg,1
Dog\10783.jpg,1
Dog\10784.jpg,1
Dog\10785.jpg,1
Dog\10786.jpg,1
Dog\10787.jpg,1
Dog\10788.jpg,1
Dog\10789.jpg,1
Dog\10790.jpg,1
Dog\10791.jpg,1
Dog\10792.jpg,1
Dog\10793.jpg,1
Dog\10794.jpg,1
Dog\10795.jpg,1
Dog\10796.jpg,1
Dog\10798.jpg,1
Dog\10799.jpg,1
Dog\10800.jpg,1
Dog\10801.jpg,1
Dog\10802.jpg,1
Dog\10803.jpg,1
Dog\10804.jpg,1
Dog\10805.jpg,1
Dog\10806.jpg,1
Dog\10807.jpg,1
Dog\10808.jpg,1
Dog\10809.jpg,1
Dog\10810.jpg,1
Dog\10811.jpg,1
Dog\10812.jpg,1
Dog\10813.jpg,1
Dog\10814.jpg,1
Dog\10815.jpg,1
Dog\10816.jpg,1
Dog\10817.jpg,1
Dog\10818.jpg,1
Dog\10819.jpg,1
Dog\10820.jpg,1
Dog\10821.jpg,1
Dog\10822.jpg,1
Dog\10823.jpg,1
Dog\10824.jpg,1
Dog\10825.jpg,1
Dog\10826.jpg,1
Dog\10827.jpg,1
Dog\10828.jpg,1
Dog\10829.jpg,1
Dog\10830.jpg,1
Dog\10831.jpg,1
Dog\10832.jpg,1
Dog\10833.jpg,1
Dog\10834.jpg,1
Dog\10835.jpg,1
Dog\10836.jpg,1
Dog\10837.jpg,1
Dog\10838.jpg,1
Dog\10839.jpg,1
Dog\10840.jpg,1
Dog\10841.jpg,1
Dog\10842.jpg,1
Dog\10843.jpg,1
Dog\10844.jpg,1
Dog\10845.jpg,1
Dog\10846.jpg,1
Dog\10847.jpg,1
Dog\10848.jpg,1
Dog\10849.jpg,1
Dog\10850.jpg,1
Dog\10851.jpg,1
Dog\10852.jpg,1
Dog\10853.jpg,1
Dog\10854.jpg,1
Dog\10855.jpg,1
Dog\10856.jpg,1
Dog\10857.jpg,1
Dog\10858.jpg,1
Dog\10859.jpg,1
Dog\10860.jpg,1
Dog\10861.jpg,1
Dog\10862.jpg,1
Dog\10863.jpg,1
Dog\10864.jpg,1
Dog\10865.jpg,1
Dog\10866.jpg,1
Dog\10867.jpg,1
Dog\10868.jpg,1
Dog\10869.jpg,1
Dog\10870.jpg,1
Dog\10871.jpg,1
Dog\10872.jpg,1
Dog\10873.jpg,1
Dog\10874.jpg,1
Dog\10875.jpg,1
Dog\10876.jpg,1
Dog\10877.jpg,1
Dog\10878.jpg,1
Dog\10879.jpg,1
Dog\10880.jpg,1
Dog\10881.jpg,1
Dog\10882.jpg,1
Dog\10883.jpg,1
Dog\10884.jpg,1
Dog\10885.jpg,1
Dog\10886.jpg,1
Dog\10887.jpg,1
Dog\10888.jpg,1
Dog\10889.jpg,1
Dog\10890.jpg,1
Dog\10891.jpg,1
Dog\10892.jpg,1
Dog\10893.jpg,1
Dog\10894.jpg,1
Dog\10895.jpg,1
Dog\10896.jpg,1
Dog\10897.jpg,1
Dog\10898.jpg,1
Dog\10899.jpg,1
Dog\10900.jpg,1
Dog\10901.jpg,1
Dog\10902.jpg,1
Dog\10903.jpg,1
Dog\10904.jpg,1
Dog\10905.jpg,1
Dog\10906.jpg,1
Dog\10907.jpg,1
Dog\10908.jpg,1
Dog\10909.jpg,1
Dog\10910.jpg,1
Dog\10911.jpg,1
Dog\10912.jpg,1
Dog\10913.jpg,1
Dog\10914.jpg,1
Dog\10915.jpg,1
Dog\10916.jpg,1
Dog\10917.jpg,1
Dog\10918.jpg,1
Dog\10919.jpg,1
Dog\10920.jpg,1
Dog\10921.jpg,1
Dog\10922.jpg,1
Dog\10923.jpg,1
Dog\10924.jpg,1
Dog\10925.jpg,1
Dog\10926.jpg,1
Dog\10927.jpg,1
Dog\10928.jpg,1
Dog\10929.jpg,1
Dog\10930.jpg,1
Dog\10931.jpg,1
Dog\10932.jpg,1
Dog\10933.jpg,1
Dog\10934.jpg,1
Dog\10935.jpg,1
Dog\10936.jpg,1
Dog\10937.jpg,1
Dog\10938.jpg,1
Dog\10939.jpg,1
Dog\10940.jpg,1
Dog\10941.jpg,1
Dog\10942.jpg,1
Dog\10943.jpg,1
Dog\10944.jpg,1
Dog\10945.jpg,1
Dog\10946.jpg,1
Dog\10947.jpg,1
Dog\10948.jpg,1
Dog\10949.jpg,1
Dog\10950.jpg,1
Dog\10951.jpg,1
Dog\10952.jpg,1
Dog\10953.jpg,1
Dog\10954.jpg,1
Dog\10955.jpg,1
Dog\10956.jpg,1
Dog\10957.jpg,1
Dog\10958.jpg,1
Dog\10959.jpg,1
Dog\10960.jpg,1
Dog\10961.jpg,1
Dog\10962.jpg,1
Dog\10963.jpg,1
Dog\10964.jpg,1
Dog\10965.jpg,1
Dog\10966.jpg,1
Dog\10967.jpg,1
Dog\10968.jpg,1
Dog\10969.jpg,1
Dog\10970.jpg,1
Dog\10971.jpg,1
Dog\10972.jpg,1
Dog\10973.jpg,1
Dog\10974.jpg,1
Dog\10975.jpg,1
Dog\10976.jpg,1
Dog\10977.jpg,1
Dog\10978.jpg,1
Dog\10979.jpg,1
Dog\10980.jpg,1
Dog\10981.jpg,1
Dog\10982.jpg,1
Dog\10983.jpg,1
Dog\10984.jpg,1
Dog\10985.jpg,1
Dog\10986.jpg,1
Dog\10987.jpg,1
Dog\10988.jpg,1
Dog\10989.jpg,1
Dog\10990.jpg,1
Dog\10991.jpg,1
Dog\10992.jpg,1
Dog\10993.jpg,1
Dog\10994.jpg,1
Dog\10995.jpg,1
Dog\10996.jpg,1
Dog\10997.jpg,1
Dog\10998.jpg,1
Dog\10999.jpg,1
Dog\11000.jpg,1
Dog\11001.jpg,1
Dog\11002.jpg,1
Dog\11003.jpg,1
Dog\11004.jpg,1
Dog\11005.jpg,1
Dog\11006.jpg,1
Dog\11007.jpg,1
Dog\11008.jpg,1
Dog\11009.jpg,1
Dog\11010.jpg,1
Dog\11011.jpg,1
Dog\11012.jpg,1
Dog\11013.jpg,1
Dog\11014.jpg,1
Dog\11015.jpg,1
Dog\11016.jpg,1
Dog\11017.jpg,1
Dog\11018.jpg,1
Dog\11019.jpg,1
Dog\11020.jpg,1
Dog\11021.jpg,1
Dog\11022.jpg,1
Dog\11023.jpg,1
Dog\11024.jpg,1
Dog\11025.jpg,1
Dog\11026.jpg,1
Dog\11027.jpg,1
Dog\11028.jpg,1
Dog\11029.jpg,1
Dog\11030.jpg,1
Dog\11031.jpg,1
Dog\11032.jpg,1
Dog\11033.jpg,1
Dog\11034.jpg,1
Dog\11035.jpg,1
Dog\11036.jpg,1
Dog\11037.jpg,1
Dog\11038.jpg,1
Dog\11039.jpg,1
Dog\11040.jpg,1
Dog\11041.jpg,1
Dog\11042.jpg,1
Dog\11043.jpg,1
Dog\11044.jpg,1
Dog\11045.jpg,1
Dog\11046.jpg,1
Dog\11047.jpg,1
Dog\11048.jpg,1
Dog\11049.jpg,1
Dog\11050.jpg,1
Dog\11051.jpg,1
Dog\11052.jpg,1
Dog\11053.jpg,1
Dog\11054.jpg,1
Dog\11055.jpg,1
Dog\11056.jpg,1
Dog\11057.jpg,1
Dog\11058.jpg,1
Dog\11059.jpg,1
Dog\11060.jpg,1
Dog\11061.jpg,1
Dog\11062.jpg,1
Dog\11063.jpg,1
Dog\11064.jpg,1
Dog\11065.jpg,1
Dog\11066.jpg,1
Dog\11067.jpg,1
Dog\11068.jpg,1
Dog\11069.jpg,1
Dog\11070.jpg,1
Dog\11071.jpg,1
Dog\11072.jpg,1
Dog\11073.jpg,1
Dog\11074.jpg,1
Dog\11075.jpg,1
Dog\11076.jpg,1
Dog\11077.jpg,1
Dog\11078.jpg,1
Dog\11079.jpg,1
Dog\11080.jpg,1
Dog\11081.jpg,1
Dog\11082.jpg,1
Dog\11083.jpg,1
Dog\11084.jpg,1
Dog\11085.jpg,1
Dog\11086.jpg,1
Dog\11087.jpg,1
Dog\11088.jpg,1
Dog\11089.jpg,1
Dog\11090.jpg,1
Dog\11091.jpg,1
Dog\11092.jpg,1
Dog\11093.jpg,1
Dog\11094.jpg,1
Dog\11095.jpg,1
Dog\11096.jpg,1
Dog\11097.jpg,1
Dog\11098.jpg,1
Dog\11099.jpg,1
Dog\11100.jpg,1
Dog\11101.jpg,1
Dog\11102.jpg,1
Dog\11103.jpg,1
Dog\11104.jpg,1
Dog\11105.jpg,1
Dog\11106.jpg,1
Dog\11107.jpg,1
Dog\11108.jpg,1
Dog\11109.jpg,1
Dog\11110.jpg,1
Dog\11111.jpg,1
Dog\11112.jpg,1
Dog\11113.jpg,1
Dog\11114.jpg,1
Dog\11115.jpg,1
Dog\11116.jpg,1
Dog\11117.jpg,1
Dog\11118.jpg,1
Dog\11119.jpg,1
Dog\11120.jpg,1
Dog\11121.jpg,1
Dog\11122.jpg,1
Dog\11123.jpg,1
Dog\11124.jpg,1
Dog\11125.jpg,1
Dog\11126.jpg,1
Dog\11127.jpg,1
Dog\11128.jpg,1
Dog\11129.jpg,1
Dog\11130.jpg,1
Dog\11131.jpg,1
Dog\11132.jpg,1
Dog\11133.jpg,1
Dog\11134.jpg,1
Dog\11135.jpg,1
Dog\11136.jpg,1
Dog\11137.jpg,1
Dog\11138.jpg,1
Dog\11139.jpg,1
Dog\11140.jpg,1
Dog\11141.jpg,1
Dog\11142.jpg,1
Dog\11143.jpg,1
Dog\11144.jpg,1
Dog\11145.jpg,1
Dog\11146.jpg,1
Dog\11147.jpg,1
Dog\11148.jpg,1
Dog\11149.jpg,1
Dog\11150.jpg,1
Dog\11151.jpg,1
Dog\11152.jpg,1
Dog\11153.jpg,1
Dog\11154.jpg,1
Dog\11155.jpg,1
Dog\11156.jpg,1
Dog\11157.jpg,1
Dog\11158.jpg,1
Dog\11159.jpg,1
Dog\11160.jpg,1
Dog\11161.jpg,1
Dog\11162.jpg,1
Dog\11163.jpg,1
Dog\11164.jpg,1
Dog\11165.jpg,1
Dog\11166.jpg,1
Dog\11167.jpg,1
Dog\11168.jpg,1
Dog\11169.jpg,1
Dog\11170.jpg,1
Dog\11171.jpg,1
Dog\11172.jpg,1
Dog\11173.jpg,1
Dog\11174.jpg,1
Dog\11175.jpg,1
Dog\11176.jpg,1
Dog\11177.jpg,1
Dog\11178.jpg,1
Dog\11179.jpg,1
Dog\11180.jpg,1
Dog\11181.jpg,1
Dog\11182.jpg,1
Dog\11183.jpg,1
Dog\11184.jpg,1
Dog\11185.jpg,1
Dog\11186.jpg,1
Dog\11187.jpg,1
Dog\11188.jpg,1
Dog\11189.jpg,1
Dog\11190.jpg,1
Dog\11191.jpg,1
Dog\11192.jpg,1
Dog\11193.jpg,1
Dog\11194.jpg,1
Dog\11195.jpg,1
Dog\11196.jpg,1
Dog\11197.jpg,1
Dog\11198.jpg,1
Dog\11199.jpg,1
Dog\11200.jpg,1
Dog\11201.jpg,1
Dog\11202.jpg,1
Dog\11203.jpg,1
Dog\11204.jpg,1
Dog\11205.jpg,1
Dog\11206.jpg,1
Dog\11207.jpg,1
Dog\11208.jpg,1
Dog\11209.jpg,1
Dog\11210.jpg,1
Dog\11211.jpg,1
Dog\11212.jpg,1
Dog\11213.jpg,1
Dog\11214.jpg,1
Dog\11215.jpg,1
Dog\11216.jpg,1
Dog\11217.jpg,1
Dog\11218.jpg,1
Dog\11219.jpg,1
Dog\11220.jpg,1
Dog\11221.jpg,1
Dog\11222.jpg,1
Dog\11223.jpg,1
Dog\11224.jpg,1
Dog\11225.jpg,1
Dog\11226.jpg,1
Dog\11227.jpg,1
Dog\11228.jpg,1
Dog\11229.jpg,1
Dog\11230.jpg,1
Dog\11231.jpg,1
Dog\11232.jpg,1
Dog\11233.jpg,1
Dog\11234.jpg,1
Dog\11235.jpg,1
Dog\11236.jpg,1
Dog\11237.jpg,1
Dog\11238.jpg,1
Dog\11239.jpg,1
Dog\11240.jpg,1
Dog\11241.jpg,1
Dog\11242.jpg,1
Dog\11243.jpg,1
Dog\11244.jpg,1
Dog\11245.jpg,1
Dog\11246.jpg,1
Dog\11247.jpg,1
Dog\11248.jpg,1
Dog\11249.jpg,1
Dog\11250.jpg,1
Dog\11251.jpg,1
Dog\11252.jpg,1
Dog\11253.jpg,1
Dog\11254.jpg,1
Dog\11255.jpg,1
Dog\11256.jpg,1
Dog\11257.jpg,1
Dog\11258.jpg,1
Dog\11259.jpg,1
Dog\11260.jpg,1
Dog\11261.jpg,1
Dog\11262.jpg,1
Dog\11263.jpg,1
Dog\11264.jpg,1
Dog\11265.jpg,1
Dog\11266.jpg,1
Dog\11267.jpg,1
Dog\11268.jpg,1
Dog\11269.jpg,1
Dog\11270.jpg,1
Dog\11271.jpg,1
Dog\11272.jpg,1
Dog\11273.jpg,1
Dog\11274.jpg,1
Dog\11275.jpg,1
Dog\11276.jpg,1
Dog\11277.jpg,1
Dog\11278.jpg,1
Dog\11279.jpg,1
Dog\11280.jpg,1
Dog\11281.jpg,1
Dog\11282.jpg,1
Dog\11283.jpg,1
Dog\11284.jpg,1
Dog\11285.jpg,1
Dog\11286.jpg,1
Dog\11287.jpg,1
Dog\11288.jpg,1
Dog\11289.jpg,1
Dog\11290.jpg,1
Dog\11291.jpg,1
Dog\11292.jpg,1
Dog\11293.jpg,1
Dog\11294.jpg,1
Dog\11295.jpg,1
Dog\11296.jpg,1
Dog\11297.jpg,1
Dog\11298.jpg,1
Dog\11299.jpg,1
Dog\11300.jpg,1
Dog\11301.jpg,1
Dog\11302.jpg,1
Dog\11303.jpg,1
Dog\11304.jpg,1
Dog\11305.jpg,1
Dog\11306.jpg,1
Dog\11307.jpg,1
Dog\11308.jpg,1
Dog\11309.jpg,1
Dog\11310.jpg,1
Dog\11311.jpg,1
Dog\11312.jpg,1
Dog\11313.jpg,1
Dog\11314.jpg,1
Dog\11315.jpg,1
Dog\11316.jpg,1
Dog\11317.jpg,1
Dog\11318.jpg,1
Dog\11319.jpg,1
Dog\11320.jpg,1
Dog\11321.jpg,1
Dog\11322.jpg,1
Dog\11323.jpg,1
Dog\11324.jpg,1
Dog\11325.jpg,1
Dog\11326.jpg,1
Dog\11327.jpg,1
Dog\11328.jpg,1
Dog\11329.jpg,1
Dog\11330.jpg,1
Dog\11331.jpg,1
Dog\11332.jpg,1
Dog\11333.jpg,1
Dog\11334.jpg,1
Dog\11335.jpg,1
Dog\11336.jpg,1
Dog\11337.jpg,1
Dog\11338.jpg,1
Dog\11339.jpg,1
Dog\11340.jpg,1
Dog\11341.jpg,1
Dog\11342.jpg,1
Dog\11343.jpg,1
Dog\11344.jpg,1
Dog\11345.jpg,1
Dog\11346.jpg,1
Dog\11347.jpg,1
Dog\11348.jpg,1
Dog\11349.jpg,1
Dog\11350.jpg,1
Dog\11351.jpg,1
Dog\11352.jpg,1
Dog\11353.jpg,1
Dog\11354.jpg,1
Dog\11355.jpg,1
Dog\11356.jpg,1
Dog\11357.jpg,1
Dog\11358.jpg,1
Dog\11359.jpg,1
Dog\11360.jpg,1
Dog\11361.jpg,1
Dog\11362.jpg,1
Dog\11363.jpg,1
Dog\11364.jpg,1
Dog\11365.jpg,1
Dog\11366.jpg,1
Dog\11367.jpg,1
Dog\11368.jpg,1
Dog\11369.jpg,1
Dog\11370.jpg,1
Dog\11371.jpg,1
Dog\11372.jpg,1
Dog\11373.jpg,1
Dog\11374.jpg,1
Dog\11375.jpg,1
Dog\11376.jpg,1
Dog\11377.jpg,1
Dog\11378.jpg,1
Dog\11379.jpg,1
Dog\11380.jpg,1
Dog\11381.jpg,1
Dog\11382.jpg,1
Dog\11383.jpg,1
Dog\11384.jpg,1
Dog\11385.jpg,1
Dog\11386.jpg,1
Dog\11387.jpg,1
Dog\11388.jpg,1
Dog\11389.jpg,1
Dog\11390.jpg,1
Dog\11391.jpg,1
Dog\11392.jpg,1
Dog\11393.jpg,1
Dog\11394.jpg,1
Dog\11395.jpg,1
Dog\11396.jpg,1
Dog\11397.jpg,1
Dog\11398.jpg,1
Dog\11399.jpg,1
Dog\11400.jpg,1
Dog\11401.jpg,1
Dog\11402.jpg,1
Dog\11403.jpg,1
Dog\11404.jpg,1
Dog\11405.jpg,1
Dog\11406.jpg,1
Dog\11407.jpg,1
Dog\11408.jpg,1
Dog\11409.jpg,1
Dog\11411.jpg,1
Dog\11412.jpg,1
Dog\11413.jpg,1
Dog\11414.jpg,1
Dog\11415.jpg,1
Dog\11416.jpg,1
Dog\11417.jpg,1
Dog\11418.jpg,1
Dog\11419.jpg,1
Dog\11420.jpg,1
Dog\11421.jpg,1
Dog\11422.jpg,1
Dog\11423.jpg,1
Dog\11424.jpg,1
Dog\11425.jpg,1
Dog\11426.jpg,1
Dog\11427.jpg,1
Dog\11428.jpg,1
Dog\11429.jpg,1
Dog\11430.jpg,1
Dog\11431.jpg,1
Dog\11432.jpg,1
Dog\11433.jpg,1
Dog\11434.jpg,1
Dog\11435.jpg,1
Dog\11436.jpg,1
Dog\11437.jpg,1
Dog\11438.jpg,1
Dog\11439.jpg,1
Dog\11440.jpg,1
Dog\11441.jpg,1
Dog\11442.jpg,1
Dog\11443.jpg,1
Dog\11444.jpg,1
Dog\11445.jpg,1
Dog\11446.jpg,1
Dog\11447.jpg,1
Dog\11448.jpg,1
Dog\11449.jpg,1
Dog\11450.jpg,1
Dog\11451.jpg,1
Dog\11452.jpg,1
Dog\11453.jpg,1
Dog\11454.jpg,1
Dog\11455.jpg,1
Dog\11456.jpg,1
Dog\11457.jpg,1
Dog\11458.jpg,1
Dog\11459.jpg,1
Dog\11460.jpg,1
Dog\11461.jpg,1
Dog\11462.jpg,1
Dog\11463.jpg,1
Dog\11464.jpg,1
Dog\11465.jpg,1
Dog\11466.jpg,1
Dog\11467.jpg,1
Dog\11468.jpg,1
Dog\11469.jpg,1
Dog\11470.jpg,1
Dog\11471.jpg,1
Dog\11472.jpg,1
Dog\11473.jpg,1
Dog\11474.jpg,1
Dog\11475.jpg,1
Dog\11476.jpg,1
Dog\11477.jpg,1
Dog\11478.jpg,1
Dog\11479.jpg,1
Dog\11480.jpg,1
Dog\11481.jpg,1
Dog\11482.jpg,1
Dog\11483.jpg,1
Dog\11484.jpg,1
Dog\11485.jpg,1
Dog\11486.jpg,1
Dog\11487.jpg,1
Dog\11488.jpg,1
Dog\11489.jpg,1
Dog\11490.jpg,1
Dog\11491.jpg,1
Dog\11492.jpg,1
Dog\11493.jpg,1
Dog\11494.jpg,1
Dog\11495.jpg,1
Dog\11496.jpg,1
Dog\11497.jpg,1
Dog\11498.jpg,1
Dog\11499.jpg,1
Dog\11500.jpg,1
Dog\11501.jpg,1
Dog\11502.jpg,1
Dog\11503.jpg,1
Dog\11504.jpg,1
Dog\11505.jpg,1
Dog\11506.jpg,1
Dog\11507.jpg,1
Dog\11508.jpg,1
Dog\11509.jpg,1
Dog\11510.jpg,1
Dog\11511.jpg,1
Dog\11512.jpg,1
Dog\11513.jpg,1
Dog\11514.jpg,1
Dog\11515.jpg,1
Dog\11516.jpg,1
Dog\11517.jpg,1
Dog\11518.jpg,1
Dog\11519.jpg,1
Dog\11520.jpg,1
Dog\11521.jpg,1
Dog\11522.jpg,1
Dog\11523.jpg,1
Dog\11524.jpg,1
Dog\11525.jpg,1
Dog\11526.jpg,1
Dog\11527.jpg,1
Dog\11528.jpg,1
Dog\11529.jpg,1
Dog\11530.jpg,1
Dog\11531.jpg,1
Dog\11532.jpg,1
Dog\11533.jpg,1
Dog\11534.jpg,1
Dog\11535.jpg,1
Dog\11536.jpg,1
Dog\11537.jpg,1
Dog\11538.jpg,1
Dog\11539.jpg,1
Dog\11540.jpg,1
Dog\11541.jpg,1
Dog\11542.jpg,1
Dog\11543.jpg,1
Dog\11544.jpg,1
Dog\11545.jpg,1
Dog\11546.jpg,1
Dog\11547.jpg,1
Dog\11548.jpg,1
Dog\11549.jpg,1
Dog\11550.jpg,1
Dog\11551.jpg,1
Dog\11552.jpg,1
Dog\11553.jpg,1
Dog\11554.jpg,1
Dog\11555.jpg,1
Dog\11556.jpg,1
Dog\11557.jpg,1
Dog\11558.jpg,1
Dog\11559.jpg,1
Dog\11560.jpg,1
Dog\11561.jpg,1
Dog\11562.jpg,1
Dog\11563.jpg,1
Dog\11564.jpg,1
Dog\11565.jpg,1
Dog\11566.jpg,1
Dog\11567.jpg,1
Dog\11568.jpg,1
Dog\11569.jpg,1
Dog\11570.jpg,1
Dog\11571.jpg,1
Dog\11572.jpg,1
Dog\11573.jpg,1
Dog\11574.jpg,1
Dog\11575.jpg,1
Dog\11576.jpg,1
Dog\11577.jpg,1
Dog\11578.jpg,1
Dog\11579.jpg,1
Dog\11580.jpg,1
Dog\11581.jpg,1
Dog\11582.jpg,1
Dog\11583.jpg,1
Dog\11584.jpg,1
Dog\11585.jpg,1
Dog\11586.jpg,1
Dog\11587.jpg,1
Dog\11588.jpg,1
Dog\11589.jpg,1
Dog\11590.jpg,1
Dog\11591.jpg,1
Dog\11592.jpg,1
Dog\11593.jpg,1
Dog\11594.jpg,1
Dog\11595.jpg,1
Dog\11596.jpg,1
Dog\11597.jpg,1
Dog\11598.jpg,1
Dog\11599.jpg,1
Dog\11600.jpg,1
Dog\11601.jpg,1
Dog\11602.jpg,1
Dog\11603.jpg,1
Dog\11604.jpg,1
Dog\11605.jpg,1
Dog\11606.jpg,1
Dog\11607.jpg,1
Dog\11608.jpg,1
Dog\11609.jpg,1
Dog\11610.jpg,1
Dog\11611.jpg,1
Dog\11612.jpg,1
Dog\11613.jpg,1
Dog\11614.jpg,1
Dog\11615.jpg,1
Dog\11616.jpg,1
Dog\11617.jpg,1
Dog\11618.jpg,1
Dog\11619.jpg,1
Dog\11620.jpg,1
Dog\11621.jpg,1
Dog\11622.jpg,1
Dog\11623.jpg,1
Dog\11624.jpg,1
Dog\11625.jpg,1
Dog\11626.jpg,1
Dog\11627.jpg,1
Dog\11628.jpg,1
Dog\11629.jpg,1
Dog\11630.jpg,1
Dog\11631.jpg,1
Dog\11632.jpg,1
Dog\11633.jpg,1
Dog\11634.jpg,1
Dog\11635.jpg,1
Dog\11636.jpg,1
Dog\11637.jpg,1
Dog\11638.jpg,1
Dog\11639.jpg,1
Dog\11640.jpg,1
Dog\11641.jpg,1
Dog\11642.jpg,1
Dog\11643.jpg,1
Dog\11644.jpg,1
Dog\11645.jpg,1
Dog\11646.jpg,1
Dog\11647.jpg,1
Dog\11648.jpg,1
Dog\11649.jpg,1
Dog\11650.jpg,1
Dog\11651.jpg,1
Dog\11652.jpg,1
Dog\11653.jpg,1
Dog\11654.jpg,1
Dog\11655.jpg,1
Dog\11656.jpg,1
Dog\11657.jpg,1
Dog\11658.jpg,1
Dog\11659.jpg,1
Dog\11660.jpg,1
Dog\11661.jpg,1
Dog\11662.jpg,1
Dog\11663.jpg,1
Dog\11664.jpg,1
Dog\11665.jpg,1
Dog\11666.jpg,1
Dog\11667.jpg,1
Dog\11668.jpg,1
Dog\11669.jpg,1
Dog\11670.jpg,1
Dog\11671.jpg,1
Dog\11672.jpg,1
Dog\11673.jpg,1
Dog\11674.jpg,1
Dog\11676.jpg,1
Dog\11677.jpg,1
Dog\11678.jpg,1
Dog\11679.jpg,1
Dog\11680.jpg,1
Dog\11681.jpg,1
Dog\11682.jpg,1
Dog\11683.jpg,1
Dog\11684.jpg,1
Dog\11685.jpg,1
Dog\11686.jpg,1
Dog\11687.jpg,1
Dog\11688.jpg,1
Dog\11689.jpg,1
Dog\11690.jpg,1
Dog\11691.jpg,1
Dog\11692.jpg,1
Dog\11693.jpg,1
Dog\11694.jpg,1
Dog\11695.jpg,1
Dog\11696.jpg,1
Dog\11697.jpg,1
Dog\11698.jpg,1
Dog\11699.jpg,1
Dog\11700.jpg,1
Dog\11701.jpg,1
Dog\11703.jpg,1
Dog\11704.jpg,1
Dog\11705.jpg,1
Dog\11706.jpg,1
Dog\11707.jpg,1
Dog\11708.jpg,1
Dog\11709.jpg,1
Dog\11710.jpg,1
Dog\11711.jpg,1
Dog\11712.jpg,1
Dog\11713.jpg,1
Dog\11714.jpg,1
Dog\11715.jpg,1
Dog\11716.jpg,1
Dog\11717.jpg,1
Dog\11718.jpg,1
Dog\11719.jpg,1
Dog\11720.jpg,1
Dog\11721.jpg,1
Dog\11722.jpg,1
Dog\11723.jpg,1
Dog\11724.jpg,1
Dog\11725.jpg,1
Dog\11726.jpg,1
Dog\11727.jpg,1
Dog\11728.jpg,1
Dog\11729.jpg,1
Dog\11730.jpg,1
Dog\11731.jpg,1
Dog\11732.jpg,1
Dog\11733.jpg,1
Dog\11734.jpg,1
Dog\11735.jpg,1
Dog\11736.jpg,1
Dog\11737.jpg,1
Dog\11738.jpg,1
Dog\11739.jpg,1
Dog\11740.jpg,1
Dog\11741.jpg,1
Dog\11742.jpg,1
Dog\11743.jpg,1
Dog\11744.jpg,1
Dog\11745.jpg,1
Dog\11746.jpg,1
Dog\11747.jpg,1
Dog\11748.jpg,1
Dog\11749.jpg,1
Dog\11750.jpg,1
Dog\11751.jpg,1
Dog\11752.jpg,1
Dog\11753.jpg,1
Dog\11754.jpg,1
Dog\11755.jpg,1
Dog\11756.jpg,1
Dog\11757.jpg,1
Dog\11758.jpg,1
Dog\11759.jpg,1
Dog\11760.jpg,1
Dog\11761.jpg,1
Dog\11762.jpg,1
Dog\11763.jpg,1
Dog\11764.jpg,1
Dog\11765.jpg,1
Dog\11766.jpg,1
Dog\11767.jpg,1
Dog\11768.jpg,1
Dog\11769.jpg,1
Dog\11770.jpg,1
Dog\11771.jpg,1
Dog\11772.jpg,1
Dog\11773.jpg,1
Dog\11774.jpg,1
Dog\11775.jpg,1
Dog\11776.jpg,1
Dog\11777.jpg,1
Dog\11778.jpg,1
Dog\11779.jpg,1
Dog\11780.jpg,1
Dog\11781.jpg,1
Dog\11782.jpg,1
Dog\11783.jpg,1
Dog\11784.jpg,1
Dog\11785.jpg,1
Dog\11786.jpg,1
Dog\11787.jpg,1
Dog\11788.jpg,1
Dog\11789.jpg,1
Dog\11790.jpg,1
Dog\11791.jpg,1
Dog\11792.jpg,1
Dog\11793.jpg,1
Dog\11794.jpg,1
Dog\11795.jpg,1
Dog\11796.jpg,1
Dog\11797.jpg,1
Dog\11798.jpg,1
Dog\11799.jpg,1
Dog\11800.jpg,1
Dog\11801.jpg,1
Dog\11802.jpg,1
Dog\11803.jpg,1
Dog\11804.jpg,1
Dog\11805.jpg,1
Dog\11806.jpg,1
Dog\11807.jpg,1
Dog\11808.jpg,1
Dog\11809.jpg,1
Dog\11810.jpg,1
Dog\11811.jpg,1
Dog\11812.jpg,1
Dog\11813.jpg,1
Dog\11814.jpg,1
Dog\11815.jpg,1
Dog\11816.jpg,1
Dog\11817.jpg,1
Dog\11818.jpg,1
Dog\11819.jpg,1
Dog\11820.jpg,1
Dog\11821.jpg,1
Dog\11822.jpg,1
Dog\11823.jpg,1
Dog\11824.jpg,1
Dog\11825.jpg,1
Dog\11826.jpg,1
Dog\11827.jpg,1
Dog\11828.jpg,1
Dog\11829.jpg,1
Dog\11830.jpg,1
Dog\11831.jpg,1
Dog\11832.jpg,1
Dog\11833.jpg,1
Dog\11834.jpg,1
Dog\11835.jpg,1
Dog\11836.jpg,1
Dog\11837.jpg,1
Dog\11838.jpg,1
Dog\11839.jpg,1
Dog\11840.jpg,1
Dog\11841.jpg,1
Dog\11842.jpg,1
Dog\11843.jpg,1
Dog\11844.jpg,1
Dog\11845.jpg,1
Dog\11846.jpg,1
Dog\11847.jpg,1
Dog\11848.jpg,1
Dog\11850.jpg,1
Dog\11851.jpg,1
Dog\11852.jpg,1
Dog\11854.jpg,1
Dog\11855.jpg,1
Dog\11856.jpg,1
Dog\11857.jpg,1
Dog\11858.jpg,1
Dog\11859.jpg,1
Dog\11860.jpg,1
Dog\11861.jpg,1
Dog\11862.jpg,1
Dog\11863.jpg,1
Dog\11864.jpg,1
Dog\11865.jpg,1
Dog\11866.jpg,1
Dog\11867.jpg,1
Dog\11868.jpg,1
Dog\11869.jpg,1
Dog\11870.jpg,1
Dog\11871.jpg,1
Dog\11872.jpg,1
Dog\11873.jpg,1
Dog\11874.jpg,1
Dog\11875.jpg,1
Dog\11876.jpg,1
Dog\11877.jpg,1
Dog\11878.jpg,1
Dog\11879.jpg,1
Dog\11880.jpg,1
Dog\11881.jpg,1
Dog\11882.jpg,1
Dog\11883.jpg,1
Dog\11884.jpg,1
Dog\11885.jpg,1
Dog\11886.jpg,1
Dog\11887.jpg,1
Dog\11888.jpg,1
Dog\11889.jpg,1
Dog\11890.jpg,1
Dog\11891.jpg,1
Dog\11892.jpg,1
Dog\11893.jpg,1
Dog\11894.jpg,1
Dog\11895.jpg,1
Dog\11896.jpg,1
Dog\11897.jpg,1
Dog\11898.jpg,1
Dog\11899.jpg,1
Dog\11900.jpg,1
Dog\11901.jpg,1
Dog\11902.jpg,1
Dog\11903.jpg,1
Dog\11904.jpg,1
Dog\11905.jpg,1
Dog\11906.jpg,1
Dog\11907.jpg,1
Dog\11908.jpg,1
Dog\11909.jpg,1
Dog\11910.jpg,1
Dog\11911.jpg,1
Dog\11912.jpg,1
Dog\11913.jpg,1
Dog\11914.jpg,1
Dog\11915.jpg,1
Dog\11916.jpg,1
Dog\11917.jpg,1
Dog\11918.jpg,1
Dog\11919.jpg,1
Dog\11920.jpg,1
Dog\11921.jpg,1
Dog\11922.jpg,1
Dog\11923.jpg,1
Dog\11924.jpg,1
Dog\11925.jpg,1
Dog\11926.jpg,1
Dog\11927.jpg,1
Dog\11928.jpg,1
Dog\11929.jpg,1
Dog\11930.jpg,1
Dog\11931.jpg,1
Dog\11932.jpg,1
Dog\11933.jpg,1
Dog\11934.jpg,1
Dog\11935.jpg,1
Dog\11936.jpg,1
Dog\11937.jpg,1
Dog\11938.jpg,1
Dog\11939.jpg,1
Dog\11940.jpg,1
Dog\11941.jpg,1
Dog\11942.jpg,1
Dog\11943.jpg,1
Dog\11944.jpg,1
Dog\11945.jpg,1
Dog\11946.jpg,1
Dog\11947.jpg,1
Dog\11948.jpg,1
Dog\11949.jpg,1
Dog\11950.jpg,1
Dog\11951.jpg,1
Dog\11952.jpg,1
Dog\11953.jpg,1
Dog\11954.jpg,1
Dog\11955.jpg,1
Dog\11956.jpg,1
Dog\11957.jpg,1
Dog\11958.jpg,1
Dog\11959.jpg,1
Dog\11960.jpg,1
Dog\11961.jpg,1
Dog\11962.jpg,1
Dog\11963.jpg,1
Dog\11964.jpg,1
Dog\11965.jpg,1
Dog\11966.jpg,1
Dog\11967.jpg,1
Dog\11968.jpg,1
Dog\11969.jpg,1
Dog\11970.jpg,1
Dog\11971.jpg,1
Dog\11972.jpg,1
Dog\11973.jpg,1
Dog\11974.jpg,1
Dog\11975.jpg,1
Dog\11976.jpg,1
Dog\11977.jpg,1
Dog\11978.jpg,1
Dog\11979.jpg,1
Dog\11980.jpg,1
Dog\11981.jpg,1
Dog\11982.jpg,1
Dog\11983.jpg,1
Dog\11984.jpg,1
Dog\11985.jpg,1
Dog\11986.jpg,1
Dog\11987.jpg,1
Dog\11988.jpg,1
Dog\11989.jpg,1
Dog\11990.jpg,1
Dog\11991.jpg,1
Dog\11992.jpg,1
Dog\11993.jpg,1
Dog\11994.jpg,1
Dog\11995.jpg,1
Dog\11996.jpg,1
Dog\11997.jpg,1
Dog\11998.jpg,1
Dog\11999.jpg,1
Dog\12000.jpg,1
Dog\12001.jpg,1
Dog\12002.jpg,1
Dog\12003.jpg,1
Dog\12004.jpg,1
Dog\12005.jpg,1
Dog\12006.jpg,1
Dog\12007.jpg,1
Dog\12008.jpg,1
Dog\12009.jpg,1
Dog\12010.jpg,1
Dog\12011.jpg,1
Dog\12012.jpg,1
Dog\12013.jpg,1
Dog\12014.jpg,1
Dog\12015.jpg,1
Dog\12016.jpg,1
Dog\12017.jpg,1
Dog\12018.jpg,1
Dog\12019.jpg,1
Dog\12020.jpg,1
Dog\12021.jpg,1
Dog\12022.jpg,1
Dog\12023.jpg,1
Dog\12024.jpg,1
Dog\12025.jpg,1
Dog\12026.jpg,1
Dog\12027.jpg,1
Dog\12028.jpg,1
Dog\12029.jpg,1
Dog\12030.jpg,1
Dog\12031.jpg,1
Dog\12032.jpg,1
Dog\12033.jpg,1
Dog\12034.jpg,1
Dog\12035.jpg,1
Dog\12036.jpg,1
Dog\12037.jpg,1
Dog\12038.jpg,1
Dog\12039.jpg,1
Dog\12040.jpg,1
Dog\12041.jpg,1
Dog\12042.jpg,1
Dog\12043.jpg,1
Dog\12044.jpg,1
Dog\12045.jpg,1
Dog\12046.jpg,1
Dog\12047.jpg,1
Dog\12048.jpg,1
Dog\12049.jpg,1
Dog\12050.jpg,1
Dog\12051.jpg,1
Dog\12052.jpg,1
Dog\12053.jpg,1
Dog\12054.jpg,1
Dog\12055.jpg,1
Dog\12056.jpg,1
Dog\12057.jpg,1
Dog\12058.jpg,1
Dog\12059.jpg,1
Dog\12060.jpg,1
Dog\12061.jpg,1
Dog\12062.jpg,1
Dog\12063.jpg,1
Dog\12064.jpg,1
Dog\12065.jpg,1
Dog\12066.jpg,1
Dog\12067.jpg,1
Dog\12068.jpg,1
Dog\12069.jpg,1
Dog\12070.jpg,1
Dog\12071.jpg,1
Dog\12072.jpg,1
Dog\12073.jpg,1
Dog\12074.jpg,1
Dog\12075.jpg,1
Dog\12076.jpg,1
Dog\12077.jpg,1
Dog\12078.jpg,1
Dog\12079.jpg,1
Dog\12080.jpg,1
Dog\12081.jpg,1
Dog\12082.jpg,1
Dog\12083.jpg,1
Dog\12084.jpg,1
Dog\12085.jpg,1
Dog\12086.jpg,1
Dog\12087.jpg,1
Dog\12088.jpg,1
Dog\12089.jpg,1
Dog\12090.jpg,1
Dog\12091.jpg,1
Dog\12092.jpg,1
Dog\12093.jpg,1
Dog\12094.jpg,1
Dog\12095.jpg,1
Dog\12096.jpg,1
Dog\12097.jpg,1
Dog\12098.jpg,1
Dog\12099.jpg,1
Dog\12100.jpg,1
Dog\12101.jpg,1
Dog\12102.jpg,1
Dog\12103.jpg,1
Dog\12104.jpg,1
Dog\12105.jpg,1
Dog\12106.jpg,1
Dog\12107.jpg,1
Dog\12108.jpg,1
Dog\12109.jpg,1
Dog\12110.jpg,1
Dog\12111.jpg,1
Dog\12112.jpg,1
Dog\12113.jpg,1
Dog\12114.jpg,1
Dog\12115.jpg,1
Dog\12116.jpg,1
Dog\12117.jpg,1
Dog\12118.jpg,1
Dog\12119.jpg,1
Dog\12120.jpg,1
Dog\12121.jpg,1
Dog\12122.jpg,1
Dog\12123.jpg,1
Dog\12124.jpg,1
Dog\12125.jpg,1
Dog\12126.jpg,1
Dog\12127.jpg,1
Dog\12128.jpg,1
Dog\12129.jpg,1
Dog\12130.jpg,1
Dog\12131.jpg,1
Dog\12132.jpg,1
Dog\12133.jpg,1
Dog\12134.jpg,1
Dog\12135.jpg,1
Dog\12136.jpg,1
Dog\12137.jpg,1
Dog\12138.jpg,1
Dog\12139.jpg,1
Dog\12140.jpg,1
Dog\12141.jpg,1
Dog\12142.jpg,1
Dog\12143.jpg,1
Dog\12144.jpg,1
Dog\12145.jpg,1
Dog\12146.jpg,1
Dog\12147.jpg,1
Dog\12148.jpg,1
Dog\12149.jpg,1
Dog\12150.jpg,1
Dog\12151.jpg,1
Dog\12152.jpg,1
Dog\12153.jpg,1
Dog\12154.jpg,1
Dog\12155.jpg,1
Dog\12156.jpg,1
Dog\12157.jpg,1
Dog\12158.jpg,1
Dog\12159.jpg,1
Dog\12160.jpg,1
Dog\12161.jpg,1
Dog\12162.jpg,1
Dog\12163.jpg,1
Dog\12164.jpg,1
Dog\12165.jpg,1
Dog\12166.jpg,1
Dog\12167.jpg,1
Dog\12168.jpg,1
Dog\12169.jpg,1
Dog\12170.jpg,1
Dog\12171.jpg,1
Dog\12172.jpg,1
Dog\12173.jpg,1
Dog\12174.jpg,1
Dog\12175.jpg,1
Dog\12176.jpg,1
Dog\12177.jpg,1
Dog\12178.jpg,1
Dog\12179.jpg,1
Dog\12180.jpg,1
Dog\12181.jpg,1
Dog\12182.jpg,1
Dog\12183.jpg,1
Dog\12184.jpg,1
Dog\12185.jpg,1
Dog\12186.jpg,1
Dog\12187.jpg,1
Dog\12188.jpg,1
Dog\12189.jpg,1
Dog\12190.jpg,1
Dog\12191.jpg,1
Dog\12192.jpg,1
Dog\12193.jpg,1
Dog\12194.jpg,1
Dog\12195.jpg,1
Dog\12196.jpg,1
Dog\12197.jpg,1
Dog\12198.jpg,1
Dog\12199.jpg,1
Dog\12200.jpg,1
Dog\12201.jpg,1
Dog\12202.jpg,1
Dog\12203.jpg,1
Dog\12204.jpg,1
Dog\12205.jpg,1
Dog\12206.jpg,1
Dog\12207.jpg,1
Dog\12208.jpg,1
Dog\12209.jpg,1
Dog\12210.jpg,1
Dog\12211.jpg,1
Dog\12212.jpg,1
Dog\12213.jpg,1
Dog\12214.jpg,1
Dog\12215.jpg,1
Dog\12216.jpg,1
Dog\12217.jpg,1
Dog\12218.jpg,1
Dog\12219.jpg,1
Dog\12220.jpg,1
Dog\12221.jpg,1
Dog\12222.jpg,1
Dog\12223.jpg,1
Dog\12224.jpg,1
Dog\12225.jpg,1
Dog\12226.jpg,1
Dog\12227.jpg,1
Dog\12228.jpg,1
Dog\12229.jpg,1
Dog\12230.jpg,1
Dog\12231.jpg,1
Dog\12232.jpg,1
Dog\12233.jpg,1
Dog\12234.jpg,1
Dog\12235.jpg,1
Dog\12236.jpg,1
Dog\12237.jpg,1
Dog\12238.jpg,1
Dog\12239.jpg,1
Dog\12240.jpg,1
Dog\12241.jpg,1
Dog\12242.jpg,1
Dog\12243.jpg,1
Dog\12244.jpg,1
Dog\12245.jpg,1
Dog\12246.jpg,1
Dog\12247.jpg,1
Dog\12248.jpg,1
Dog\12249.jpg,1
Dog\12250.jpg,1
Dog\12251.jpg,1
Dog\12252.jpg,1
Dog\12253.jpg,1
Dog\12254.jpg,1
Dog\12255.jpg,1
Dog\12256.jpg,1
Dog\12257.jpg,1
Dog\12258.jpg,1
Dog\12259.jpg,1
Dog\12260.jpg,1
Dog\12261.jpg,1
Dog\12262.jpg,1
Dog\12263.jpg,1
Dog\12264.jpg,1
Dog\12265.jpg,1
Dog\12266.jpg,1
Dog\12267.jpg,1
Dog\12268.jpg,1
Dog\12269.jpg,1
Dog\12270.jpg,1
Dog\12271.jpg,1
Dog\12272.jpg,1
Dog\12273.jpg,1
Dog\12274.jpg,1
Dog\12275.jpg,1
Dog\12276.jpg,1
Dog\12277.jpg,1
Dog\12278.jpg,1
Dog\12279.jpg,1
Dog\12280.jpg,1
Dog\12281.jpg,1
Dog\12282.jpg,1
Dog\12283.jpg,1
Dog\12284.jpg,1
Dog\12285.jpg,1
Dog\12286.jpg,1
Dog\12287.jpg,1
Dog\12288.jpg,1
Dog\12289.jpg,1
Dog\12290.jpg,1
Dog\12291.jpg,1
Dog\12292.jpg,1
Dog\12293.jpg,1
Dog\12294.jpg,1
Dog\12295.jpg,1
Dog\12296.jpg,1
Dog\12297.jpg,1
Dog\12298.jpg,1
Dog\12299.jpg,1
Dog\12300.jpg,1
Dog\12301.jpg,1
Dog\12302.jpg,1
Dog\12303.jpg,1
Dog\12304.jpg,1
Dog\12305.jpg,1
Dog\12306.jpg,1
Dog\12307.jpg,1
Dog\12308.jpg,1
Dog\12309.jpg,1
Dog\12310.jpg,1
Dog\12311.jpg,1
Dog\12312.jpg,1
Dog\12313.jpg,1
Dog\12314.jpg,1
Dog\12315.jpg,1
Dog\12316.jpg,1
Dog\12317.jpg,1
Dog\12318.jpg,1
Dog\12319.jpg,1
Dog\12320.jpg,1
Dog\12321.jpg,1
Dog\12322.jpg,1
Dog\12323.jpg,1
Dog\12324.jpg,1
Dog\12325.jpg,1
Dog\12326.jpg,1
Dog\12327.jpg,1
Dog\12328.jpg,1
Dog\12329.jpg,1
Dog\12330.jpg,1
Dog\12331.jpg,1
Dog\12332.jpg,1
Dog\12333.jpg,1
Dog\12334.jpg,1
Dog\12335.jpg,1
Dog\12336.jpg,1
Dog\12337.jpg,1
Dog\12338.jpg,1
Dog\12339.jpg,1
Dog\12340.jpg,1
Dog\12341.jpg,1
Dog\12342.jpg,1
Dog\12343.jpg,1
Dog\12344.jpg,1
Dog\12345.jpg,1
Dog\12346.jpg,1
Dog\12347.jpg,1
Dog\12348.jpg,1
Dog\12349.jpg,1
Dog\12350.jpg,1
Dog\12351.jpg,1
Dog\12352.jpg,1
Dog\12353.jpg,1
Dog\12354.jpg,1
Dog\12355.jpg,1
Dog\12356.jpg,1
Dog\12357.jpg,1
Dog\12358.jpg,1
Dog\12359.jpg,1
Dog\12360.jpg,1
Dog\12361.jpg,1
Dog\12362.jpg,1
Dog\12363.jpg,1
Dog\12364.jpg,1
Dog\12365.jpg,1
Dog\12366.jpg,1
Dog\12367.jpg,1
Dog\12368.jpg,1
Dog\12369.jpg,1
Dog\12370.jpg,1
Dog\12371.jpg,1
Dog\12372.jpg,1
Dog\12373.jpg,1
Dog\12374.jpg,1
Dog\12375.jpg,1
Dog\12376.jpg,1
Dog\12377.jpg,1
Dog\12378.jpg,1
Dog\12379.jpg,1
Dog\12380.jpg,1
Dog\12381.jpg,1
Dog\12382.jpg,1
Dog\12383.jpg,1
Dog\12384.jpg,1
Dog\12385.jpg,1
Dog\12386.jpg,1
Dog\12387.jpg,1
Dog\12388.jpg,1
Dog\12389.jpg,1
Dog\12390.jpg,1
Dog\12391.jpg,1
Dog\12392.jpg,1
Dog\12393.jpg,1
Dog\12394.jpg,1
Dog\12395.jpg,1
Dog\12396.jpg,1
Dog\12397.jpg,1
Dog\12398.jpg,1
Dog\12399.jpg,1
Dog\12400.jpg,1
Dog\12401.jpg,1
Dog\12402.jpg,1
Dog\12403.jpg,1
Dog\12404.jpg,1
Dog\12405.jpg,1
Dog\12406.jpg,1
Dog\12407.jpg,1
Dog\12408.jpg,1
Dog\12409.jpg,1
Dog\12410.jpg,1
Dog\12411.jpg,1
Dog\12412.jpg,1
Dog\12413.jpg,1
Dog\12414.jpg,1
Dog\12415.jpg,1
Dog\12416.jpg,1
Dog\12417.jpg,1
Dog\12418.jpg,1
Dog\12419.jpg,1
Dog\12420.jpg,1
Dog\12421.jpg,1
Dog\12422.jpg,1
Dog\12423.jpg,1
Dog\12424.jpg,1
Dog\12425.jpg,1
Dog\12426.jpg,1
Dog\12427.jpg,1
Dog\12428.jpg,1
Dog\12429.jpg,1
Dog\12430.jpg,1
Dog\12431.jpg,1
Dog\12432.jpg,1
Dog\12433.jpg,1
Dog\12434.jpg,1
Dog\12435.jpg,1
Dog\12436.jpg,1
Dog\12437.jpg,1
Dog\12438.jpg,1
Dog\12439.jpg,1
Dog\12440.jpg,1
Dog\12441.jpg,1
Dog\12442.jpg,1
Dog\12443.jpg,1
Dog\12444.jpg,1
Dog\12445.jpg,1
Dog\12446.jpg,1
Dog\12447.jpg,1
Dog\12448.jpg,1
Dog\12449.jpg,1
Dog\12450.jpg,1
Dog\12451.jpg,1
Dog\12452.jpg,1
Dog\12453.jpg,1
Dog\12454.jpg,1
Dog\12455.jpg,1
Dog\12456.jpg,1
Dog\12457.jpg,1
Dog\12458.jpg,1
Dog\12459.jpg,1
Dog\12460.jpg,1
Dog\12461.jpg,1
Dog\12462.jpg,1
Dog\12463.jpg,1
Dog\12464.jpg,1
Dog\12465.jpg,1
Dog\12466.jpg,1
Dog\12467.jpg,1
Dog\12468.jpg,1
Dog\12469.jpg,1
Dog\12470.jpg,1
Dog\12471.jpg,1
Dog\12472.jpg,1
Dog\12473.jpg,1
Dog\12474.jpg,1
Dog\12475.jpg,1
Dog\12476.jpg,1
Dog\12477.jpg,1
Dog\12478.jpg,1
Dog\12479.jpg,1
Dog\12480.jpg,1
Dog\12481.jpg,1
Dog\12482.jpg,1
Dog\12483.jpg,1
Dog\12484.jpg,1
Dog\12485.jpg,1
Dog\12486.jpg,1
Dog\12487.jpg,1
Dog\12488.jpg,1
Dog\12489.jpg,1
Dog\12490.jpg,1
Dog\12491.jpg,1
Dog\12492.jpg,1
Dog\12493.jpg,1
Dog\12494.jpg,1
Dog\12495.jpg,1
Dog\12496.jpg,1
Dog\12497.jpg,1
Dog\12498.jpg,1
Dog\12499.jpg,1
Dog\6001.jpg,1
Dog\6002.jpg,1
Dog\6003.jpg,1
Dog\6004.jpg,1
Dog\6005.jpg,1
Dog\6006.jpg,1
Dog\6007.jpg,1
Dog\6008.jpg,1
Dog\6009.jpg,1
Dog\6010.jpg,1
Dog\6011.jpg,1
Dog\6012.jpg,1
Dog\6013.jpg,1
Dog\6014.jpg,1
Dog\6015.jpg,1
Dog\6016.jpg,1
Dog\6017.jpg,1
Dog\6018.jpg,1
Dog\6019.jpg,1
Dog\6020.jpg,1
Dog\6021.jpg,1
Dog\6022.jpg,1
Dog\6023.jpg,1
Dog\6024.jpg,1
Dog\6025.jpg,1
Dog\6026.jpg,1
Dog\6027.jpg,1
Dog\6028.jpg,1
Dog\6029.jpg,1
Dog\6030.jpg,1
Dog\6031.jpg,1
Dog\6032.jpg,1
Dog\6033.jpg,1
Dog\6034.jpg,1
Dog\6035.jpg,1
Dog\6036.jpg,1
Dog\6037.jpg,1
Dog\6038.jpg,1
Dog\6039.jpg,1
Dog\6040.jpg,1
Dog\6041.jpg,1
Dog\6042.jpg,1
Dog\6043.jpg,1
Dog\6044.jpg,1
Dog\6045.jpg,1
Dog\6046.jpg,1
Dog\6047.jpg,1
Dog\6048.jpg,1
Dog\6049.jpg,1
Dog\6050.jpg,1
Dog\6051.jpg,1
Dog\6052.jpg,1
Dog\6053.jpg,1
Dog\6054.jpg,1
Dog\6055.jpg,1
Dog\6056.jpg,1
Dog\6057.jpg,1
Dog\6058.jpg,1
Dog\6060.jpg,1
Dog\6061.jpg,1
Dog\6062.jpg,1
Dog\6063.jpg,1
Dog\6064.jpg,1
Dog\6065.jpg,1
Dog\6066.jpg,1
Dog\6067.jpg,1
Dog\6068.jpg,1
Dog\6069.jpg,1
Dog\6070.jpg,1
Dog\6071.jpg,1
Dog\6072.jpg,1
Dog\6073.jpg,1
Dog\6074.jpg,1
Dog\6075.jpg,1
Dog\6076.jpg,1
Dog\6077.jpg,1
Dog\6078.jpg,1
Dog\6079.jpg,1
Dog\6080.jpg,1
Dog\6081.jpg,1
Dog\6082.jpg,1
Dog\6083.jpg,1
Dog\6084.jpg,1
Dog\6085.jpg,1
Dog\6086.jpg,1
Dog\6087.jpg,1
Dog\6088.jpg,1
Dog\6089.jpg,1
Dog\6090.jpg,1
Dog\6091.jpg,1
Dog\6092.jpg,1
Dog\6093.jpg,1
Dog\6094.jpg,1
Dog\6095.jpg,1
Dog\6096.jpg,1
Dog\6097.jpg,1
Dog\6098.jpg,1
Dog\6099.jpg,1
Dog\6100.jpg,1
Dog\6101.jpg,1
Dog\6102.jpg,1
Dog\6103.jpg,1
Dog\6104.jpg,1
Dog\6105.jpg,1
Dog\6106.jpg,1
Dog\6107.jpg,1
Dog\6108.jpg,1
Dog\6109.jpg,1
Dog\6110.jpg,1
Dog\6111.jpg,1
Dog\6112.jpg,1
Dog\6113.jpg,1
Dog\6114.jpg,1
Dog\6115.jpg,1
Dog\6116.jpg,1
Dog\6117.jpg,1
Dog\6118.jpg,1
Dog\6119.jpg,1
Dog\6120.jpg,1
Dog\6121.jpg,1
Dog\6122.jpg,1
Dog\6123.jpg,1
Dog\6124.jpg,1
Dog\6125.jpg,1
Dog\6126.jpg,1
Dog\6127.jpg,1
Dog\6128.jpg,1
Dog\6129.jpg,1
Dog\6130.jpg,1
Dog\6131.jpg,1
Dog\6132.jpg,1
Dog\6133.jpg,1
Dog\6134.jpg,1
Dog\6135.jpg,1
Dog\6136.jpg,1
Dog\6137.jpg,1
Dog\6138.jpg,1
Dog\6139.jpg,1
Dog\6140.jpg,1
Dog\6141.jpg,1
Dog\6142.jpg,1
Dog\6143.jpg,1
Dog\6144.jpg,1
Dog\6145.jpg,1
Dog\6146.jpg,1
Dog\6147.jpg,1
Dog\6148.jpg,1
Dog\6149.jpg,1
Dog\6150.jpg,1
Dog\6151.jpg,1
Dog\6152.jpg,1
Dog\6153.jpg,1
Dog\6154.jpg,1
Dog\6155.jpg,1
Dog\6156.jpg,1
Dog\6157.jpg,1
Dog\6158.jpg,1
Dog\6159.jpg,1
Dog\6160.jpg,1
Dog\6161.jpg,1
Dog\6162.jpg,1
Dog\6163.jpg,1
Dog\6164.jpg,1
Dog\6165.jpg,1
Dog\6166.jpg,1
Dog\6167.jpg,1
Dog\6168.jpg,1
Dog\6169.jpg,1
Dog\6170.jpg,1
Dog\6171.jpg,1
Dog\6172.jpg,1
Dog\6173.jpg,1
Dog\6174.jpg,1
Dog\6175.jpg,1
Dog\6176.jpg,1
Dog\6177.jpg,1
Dog\6178.jpg,1
Dog\6179.jpg,1
Dog\6180.jpg,1
Dog\6181.jpg,1
Dog\6182.jpg,1
Dog\6183.jpg,1
Dog\6184.jpg,1
Dog\6185.jpg,1
Dog\6186.jpg,1
Dog\6187.jpg,1
Dog\6188.jpg,1
Dog\6189.jpg,1
Dog\6190.jpg,1
Dog\6191.jpg,1
Dog\6192.jpg,1
Dog\6193.jpg,1
Dog\6194.jpg,1
Dog\6195.jpg,1
Dog\6196.jpg,1
Dog\6197.jpg,1
Dog\6198.jpg,1
Dog\6199.jpg,1
Dog\6200.jpg,1
Dog\6201.jpg,1
Dog\6202.jpg,1
Dog\6203.jpg,1
Dog\6204.jpg,1
Dog\6205.jpg,1
Dog\6206.jpg,1
Dog\6207.jpg,1
Dog\6208.jpg,1
Dog\6209.jpg,1
Dog\6210.jpg,1
Dog\6211.jpg,1
Dog\6212.jpg,1
Dog\6213.jpg,1
Dog\6214.jpg,1
Dog\6215.jpg,1
Dog\6216.jpg,1
Dog\6217.jpg,1
Dog\6218.jpg,1
Dog\6219.jpg,1
Dog\6220.jpg,1
Dog\6221.jpg,1
Dog\6222.jpg,1
Dog\6223.jpg,1
Dog\6224.jpg,1
Dog\6225.jpg,1
Dog\6226.jpg,1
Dog\6227.jpg,1
Dog\6228.jpg,1
Dog\6229.jpg,1
Dog\6230.jpg,1
Dog\6231.jpg,1
Dog\6232.jpg,1
Dog\6233.jpg,1
Dog\6234.jpg,1
Dog\6235.jpg,1
Dog\6236.jpg,1
Dog\6237.jpg,1
Dog\6239.jpg,1
Dog\6240.jpg,1
Dog\6241.jpg,1
Dog\6242.jpg,1
Dog\6243.jpg,1
Dog\6244.jpg,1
Dog\6245.jpg,1
Dog\6246.jpg,1
Dog\6247.jpg,1
Dog\6248.jpg,1
Dog\6249.jpg,1
Dog\6250.jpg,1
Dog\6251.jpg,1
Dog\6252.jpg,1
Dog\6253.jpg,1
Dog\6254.jpg,1
Dog\6255.jpg,1
Dog\6256.jpg,1
Dog\6257.jpg,1
Dog\6258.jpg,1
Dog\6259.jpg,1
Dog\6260.jpg,1
Dog\6261.jpg,1
Dog\6262.jpg,1
Dog\6263.jpg,1
Dog\6264.jpg,1
Dog\6265.jpg,1
Dog\6266.jpg,1
Dog\6267.jpg,1
Dog\6268.jpg,1
Dog\6269.jpg,1
Dog\6270.jpg,1
Dog\6271.jpg,1
Dog\6272.jpg,1
Dog\6273.jpg,1
Dog\6274.jpg,1
Dog\6275.jpg,1
Dog\6276.jpg,1
Dog\6277.jpg,1
Dog\6278.jpg,1
Dog\6279.jpg,1
Dog\6280.jpg,1
Dog\6281.jpg,1
Dog\6282.jpg,1
Dog\6283.jpg,1
Dog\6284.jpg,1
Dog\6285.jpg,1
Dog\6286.jpg,1
Dog\6287.jpg,1
Dog\6288.jpg,1
Dog\6289.jpg,1
Dog\6290.jpg,1
Dog\6291.jpg,1
Dog\6292.jpg,1
Dog\6293.jpg,1
Dog\6294.jpg,1
Dog\6295.jpg,1
Dog\6296.jpg,1
Dog\6297.jpg,1
Dog\6298.jpg,1
Dog\6299.jpg,1
Dog\6300.jpg,1
Dog\6301.jpg,1
Dog\6302.jpg,1
Dog\6303.jpg,1
Dog\6304.jpg,1
Dog\6305.jpg,1
Dog\6306.jpg,1
Dog\6307.jpg,1
Dog\6308.jpg,1
Dog\6309.jpg,1
Dog\6310.jpg,1
Dog\6311.jpg,1
Dog\6312.jpg,1
Dog\6313.jpg,1
Dog\6314.jpg,1
Dog\6315.jpg,1
Dog\6316.jpg,1
Dog\6317.jpg,1
Dog\6318.jpg,1
Dog\6319.jpg,1
Dog\6320.jpg,1
Dog\6321.jpg,1
Dog\6322.jpg,1
Dog\6323.jpg,1
Dog\6324.jpg,1
Dog\6325.jpg,1
Dog\6326.jpg,1
Dog\6327.jpg,1
Dog\6328.jpg,1
Dog\6329.jpg,1
Dog\6330.jpg,1
Dog\6331.jpg,1
Dog\6332.jpg,1
Dog\6333.jpg,1
Dog\6334.jpg,1
Dog\6335.jpg,1
Dog\6336.jpg,1
Dog\6337.jpg,1
Dog\6338.jpg,1
Dog\6339.jpg,1
Dog\6340.jpg,1
Dog\6341.jpg,1
Dog\6342.jpg,1
Dog\6343.jpg,1
Dog\6344.jpg,1
Dog\6345.jpg,1
Dog\6346.jpg,1
Dog\6347.jpg,1
Dog\6348.jpg,1
Dog\6349.jpg,1
Dog\6350.jpg,1
Dog\6351.jpg,1
Dog\6352.jpg,1
Dog\6353.jpg,1
Dog\6354.jpg,1
Dog\6355.jpg,1
Dog\6356.jpg,1
Dog\6357.jpg,1
Dog\6358.jpg,1
Dog\6359.jpg,1
Dog\6360.jpg,1
Dog\6361.jpg,1
Dog\6362.jpg,1
Dog\6363.jpg,1
Dog\6364.jpg,1
Dog\6365.jpg,1
Dog\6366.jpg,1
Dog\6367.jpg,1
Dog\6368.jpg,1
Dog\6369.jpg,1
Dog\6370.jpg,1
Dog\6371.jpg,1
Dog\6372.jpg,1
Dog\6373.jpg,1
Dog\6374.jpg,1
Dog\6375.jpg,1
Dog\6376.jpg,1
Dog\6377.jpg,1
Dog\6378.jpg,1
Dog\6379.jpg,1
Dog\6380.jpg,1
Dog\6381.jpg,1
Dog\6382.jpg,1
Dog\6383.jpg,1
Dog\6384.jpg,1
Dog\6385.jpg,1
Dog\6386.jpg,1
Dog\6387.jpg,1
Dog\6388.jpg,1
Dog\6389.jpg,1
Dog\6390.jpg,1
Dog\6391.jpg,1
Dog\6392.jpg,1
Dog\6393.jpg,1
Dog\6394.jpg,1
Dog\6395.jpg,1
Dog\6396.jpg,1
Dog\6397.jpg,1
Dog\6398.jpg,1
Dog\6399.jpg,1
Dog\6400.jpg,1
Dog\6401.jpg,1
Dog\6402.jpg,1
Dog\6403.jpg,1
Dog\6404.jpg,1
Dog\6405.jpg,1
Dog\6406.jpg,1
Dog\6407.jpg,1
Dog\6408.jpg,1
Dog\6409.jpg,1
Dog\6410.jpg,1
Dog\6411.jpg,1
Dog\6412.jpg,1
Dog\6413.jpg,1
Dog\6414.jpg,1
Dog\6415.jpg,1
Dog\6416.jpg,1
Dog\6417.jpg,1
Dog\6418.jpg,1
Dog\6419.jpg,1
Dog\6420.jpg,1
Dog\6421.jpg,1
Dog\6422.jpg,1
Dog\6423.jpg,1
Dog\6424.jpg,1
Dog\6425.jpg,1
Dog\6426.jpg,1
Dog\6427.jpg,1
Dog\6428.jpg,1
Dog\6429.jpg,1
Dog\6430.jpg,1
Dog\6431.jpg,1
Dog\6432.jpg,1
Dog\6433.jpg,1
Dog\6434.jpg,1
Dog\6435.jpg,1
Dog\6436.jpg,1
Dog\6437.jpg,1
Dog\6438.jpg,1
Dog\6439.jpg,1
Dog\6440.jpg,1
Dog\6441.jpg,1
Dog\6442.jpg,1
Dog\6443.jpg,1
Dog\6444.jpg,1
Dog\6445.jpg,1
Dog\6446.jpg,1
Dog\6447.jpg,1
Dog\6448.jpg,1
Dog\6449.jpg,1
Dog\6450.jpg,1
Dog\6451.jpg,1
Dog\6452.jpg,1
Dog\6453.jpg,1
Dog\6454.jpg,1
Dog\6455.jpg,1
Dog\6456.jpg,1
Dog\6457.jpg,1
Dog\6458.jpg,1
Dog\6459.jpg,1
Dog\6460.jpg,1
Dog\6461.jpg,1
Dog\6462.jpg,1
Dog\6463.jpg,1
Dog\6464.jpg,1
Dog\6465.jpg,1
Dog\6466.jpg,1
Dog\6467.jpg,1
Dog\6468.jpg,1
Dog\6469.jpg,1
Dog\6470.jpg,1
Dog\6471.jpg,1
Dog\6472.jpg,1
Dog\6473.jpg,1
Dog\6474.jpg,1
Dog\6475.jpg,1
Dog\6476.jpg,1
Dog\6477.jpg,1
Dog\6478.jpg,1
Dog\6479.jpg,1
Dog\6480.jpg,1
Dog\6481.jpg,1
Dog\6482.jpg,1
Dog\6483.jpg,1
Dog\6484.jpg,1
Dog\6485.jpg,1
Dog\6486.jpg,1
Dog\6487.jpg,1
Dog\6488.jpg,1
Dog\6489.jpg,1
Dog\6490.jpg,1
Dog\6491.jpg,1
Dog\6492.jpg,1
Dog\6493.jpg,1
Dog\6494.jpg,1
Dog\6495.jpg,1
Dog\6496.jpg,1
Dog\6497.jpg,1
Dog\6498.jpg,1
Dog\6499.jpg,1
Dog\6500.jpg,1
Dog\6501.jpg,1
Dog\6502.jpg,1
Dog\6503.jpg,1
Dog\6504.jpg,1
Dog\6505.jpg,1
Dog\6506.jpg,1
Dog\6507.jpg,1
Dog\6508.jpg,1
Dog\6509.jpg,1
Dog\6510.jpg,1
Dog\6511.jpg,1
Dog\6512.jpg,1
Dog\6513.jpg,1
Dog\6514.jpg,1
Dog\6515.jpg,1
Dog\6516.jpg,1
Dog\6517.jpg,1
Dog\6518.jpg,1
Dog\6519.jpg,1
Dog\6520.jpg,1
Dog\6521.jpg,1
Dog\6522.jpg,1
Dog\6523.jpg,1
Dog\6524.jpg,1
Dog\6525.jpg,1
Dog\6526.jpg,1
Dog\6527.jpg,1
Dog\6528.jpg,1
Dog\6529.jpg,1
Dog\6530.jpg,1
Dog\6531.jpg,1
Dog\6532.jpg,1
Dog\6533.jpg,1
Dog\6534.jpg,1
Dog\6535.jpg,1
Dog\6536.jpg,1
Dog\6537.jpg,1
Dog\6538.jpg,1
Dog\6539.jpg,1
Dog\6540.jpg,1
Dog\6541.jpg,1
Dog\6542.jpg,1
Dog\6543.jpg,1
Dog\6544.jpg,1
Dog\6545.jpg,1
Dog\6546.jpg,1
Dog\6547.jpg,1
Dog\6548.jpg,1
Dog\6549.jpg,1
Dog\6550.jpg,1
Dog\6551.jpg,1
Dog\6552.jpg,1
Dog\6553.jpg,1
Dog\6554.jpg,1
Dog\6555.jpg,1
Dog\6556.jpg,1
Dog\6557.jpg,1
Dog\6558.jpg,1
Dog\6559.jpg,1
Dog\6560.jpg,1
Dog\6561.jpg,1
Dog\6562.jpg,1
Dog\6563.jpg,1
Dog\6564.jpg,1
Dog\6565.jpg,1
Dog\6566.jpg,1
Dog\6567.jpg,1
Dog\6568.jpg,1
Dog\6569.jpg,1
Dog\6570.jpg,1
Dog\6571.jpg,1
Dog\6572.jpg,1
Dog\6573.jpg,1
Dog\6574.jpg,1
Dog\6575.jpg,1
Dog\6576.jpg,1
Dog\6577.jpg,1
Dog\6578.jpg,1
Dog\6579.jpg,1
Dog\6580.jpg,1
Dog\6581.jpg,1
Dog\6582.jpg,1
Dog\6583.jpg,1
Dog\6584.jpg,1
Dog\6585.jpg,1
Dog\6586.jpg,1
Dog\6587.jpg,1
Dog\6588.jpg,1
Dog\6589.jpg,1
Dog\6590.jpg,1
Dog\6591.jpg,1
Dog\6592.jpg,1
Dog\6593.jpg,1
Dog\6594.jpg,1
Dog\6595.jpg,1
Dog\6596.jpg,1
Dog\6597.jpg,1
Dog\6598.jpg,1
Dog\6599.jpg,1
Dog\6600.jpg,1
Dog\6601.jpg,1
Dog\6602.jpg,1
Dog\6603.jpg,1
Dog\6604.jpg,1
Dog\6605.jpg,1
Dog\6606.jpg,1
Dog\6607.jpg,1
Dog\6608.jpg,1
Dog\6609.jpg,1
Dog\6610.jpg,1
Dog\6611.jpg,1
Dog\6612.jpg,1
Dog\6613.jpg,1
Dog\6614.jpg,1
Dog\6615.jpg,1
Dog\6616.jpg,1
Dog\6617.jpg,1
Dog\6618.jpg,1
Dog\6619.jpg,1
Dog\6620.jpg,1
Dog\6621.jpg,1
Dog\6622.jpg,1
Dog\6623.jpg,1
Dog\6624.jpg,1
Dog\6625.jpg,1
Dog\6626.jpg,1
Dog\6627.jpg,1
Dog\6628.jpg,1
Dog\6629.jpg,1
Dog\6630.jpg,1
Dog\6631.jpg,1
Dog\6632.jpg,1
Dog\6633.jpg,1
Dog\6634.jpg,1
Dog\6635.jpg,1
Dog\6636.jpg,1
Dog\6637.jpg,1
Dog\6638.jpg,1
Dog\6639.jpg,1
Dog\6640.jpg,1
Dog\6641.jpg,1
Dog\6642.jpg,1
Dog\6643.jpg,1
Dog\6644.jpg,1
Dog\6645.jpg,1
Dog\6646.jpg,1
Dog\6647.jpg,1
Dog\6648.jpg,1
Dog\6649.jpg,1
Dog\6650.jpg,1
Dog\6651.jpg,1
Dog\6652.jpg,1
Dog\6653.jpg,1
Dog\6654.jpg,1
Dog\6655.jpg,1
Dog\6656.jpg,1
Dog\6657.jpg,1
Dog\6658.jpg,1
Dog\6659.jpg,1
Dog\6660.jpg,1
Dog\6661.jpg,1
Dog\6662.jpg,1
Dog\6663.jpg,1
Dog\6664.jpg,1
Dog\6665.jpg,1
Dog\6666.jpg,1
Dog\6667.jpg,1
Dog\6668.jpg,1
Dog\6669.jpg,1
Dog\6670.jpg,1
Dog\6671.jpg,1
Dog\6672.jpg,1
Dog\6673.jpg,1
Dog\6674.jpg,1
Dog\6675.jpg,1
Dog\6676.jpg,1
Dog\6677.jpg,1
Dog\6678.jpg,1
Dog\6679.jpg,1
Dog\6680.jpg,1
Dog\6681.jpg,1
Dog\6682.jpg,1
Dog\6683.jpg,1
Dog\6684.jpg,1
Dog\6685.jpg,1
Dog\6686.jpg,1
Dog\6687.jpg,1
Dog\6688.jpg,1
Dog\6689.jpg,1
Dog\6690.jpg,1
Dog\6691.jpg,1
Dog\6692.jpg,1
Dog\6693.jpg,1
Dog\6694.jpg,1
Dog\6695.jpg,1
Dog\6696.jpg,1
Dog\6697.jpg,1
Dog\6698.jpg,1
Dog\6699.jpg,1
Dog\6700.jpg,1
Dog\6701.jpg,1
Dog\6702.jpg,1
Dog\6703.jpg,1
Dog\6704.jpg,1
Dog\6705.jpg,1
Dog\6706.jpg,1
Dog\6707.jpg,1
Dog\6708.jpg,1
Dog\6709.jpg,1
Dog\6710.jpg,1
Dog\6711.jpg,1
Dog\6712.jpg,1
Dog\6713.jpg,1
Dog\6714.jpg,1
Dog\6715.jpg,1
Dog\6716.jpg,1
Dog\6717.jpg,1
Dog\6719.jpg,1
Dog\6720.jpg,1
Dog\6721.jpg,1
Dog\6722.jpg,1
Dog\6723.jpg,1
Dog\6724.jpg,1
Dog\6725.jpg,1
Dog\6726.jpg,1
Dog\6727.jpg,1
Dog\6728.jpg,1
Dog\6729.jpg,1
Dog\6730.jpg,1
Dog\6731.jpg,1
Dog\6732.jpg,1
Dog\6733.jpg,1
Dog\6734.jpg,1
Dog\6735.jpg,1
Dog\6736.jpg,1
Dog\6737.jpg,1
Dog\6738.jpg,1
Dog\6739.jpg,1
Dog\6740.jpg,1
Dog\6741.jpg,1
Dog\6742.jpg,1
Dog\6743.jpg,1
Dog\6744.jpg,1
Dog\6745.jpg,1
Dog\6746.jpg,1
Dog\6747.jpg,1
Dog\6748.jpg,1
Dog\6749.jpg,1
Dog\6750.jpg,1
Dog\6751.jpg,1
Dog\6752.jpg,1
Dog\6753.jpg,1
Dog\6754.jpg,1
Dog\6755.jpg,1
Dog\6756.jpg,1
Dog\6757.jpg,1
Dog\6758.jpg,1
Dog\6759.jpg,1
Dog\6760.jpg,1
Dog\6761.jpg,1
Dog\6762.jpg,1
Dog\6763.jpg,1
Dog\6764.jpg,1
Dog\6765.jpg,1
Dog\6766.jpg,1
Dog\6767.jpg,1
Dog\6768.jpg,1
Dog\6769.jpg,1
Dog\6770.jpg,1
Dog\6771.jpg,1
Dog\6772.jpg,1
Dog\6773.jpg,1
Dog\6774.jpg,1
Dog\6775.jpg,1
Dog\6776.jpg,1
Dog\6777.jpg,1
Dog\6778.jpg,1
Dog\6779.jpg,1
Dog\6780.jpg,1
Dog\6781.jpg,1
Dog\6782.jpg,1
Dog\6783.jpg,1
Dog\6784.jpg,1
Dog\6785.jpg,1
Dog\6786.jpg,1
Dog\6787.jpg,1
Dog\6788.jpg,1
Dog\6789.jpg,1
Dog\6790.jpg,1
Dog\6791.jpg,1
Dog\6792.jpg,1
Dog\6793.jpg,1
Dog\6794.jpg,1
Dog\6795.jpg,1
Dog\6796.jpg,1
Dog\6797.jpg,1
Dog\6798.jpg,1
Dog\6799.jpg,1
Dog\6800.jpg,1
Dog\6801.jpg,1
Dog\6802.jpg,1
Dog\6803.jpg,1
Dog\6804.jpg,1
Dog\6805.jpg,1
Dog\6806.jpg,1
Dog\6807.jpg,1
Dog\6808.jpg,1
Dog\6809.jpg,1
Dog\6810.jpg,1
Dog\6811.jpg,1
Dog\6812.jpg,1
Dog\6813.jpg,1
Dog\6814.jpg,1
Dog\6815.jpg,1
Dog\6816.jpg,1
Dog\6817.jpg,1
Dog\6818.jpg,1
Dog\6819.jpg,1
Dog\6820.jpg,1
Dog\6821.jpg,1
Dog\6822.jpg,1
Dog\6823.jpg,1
Dog\6824.jpg,1
Dog\6825.jpg,1
Dog\6826.jpg,1
Dog\6827.jpg,1
Dog\6828.jpg,1
Dog\6829.jpg,1
Dog\6830.jpg,1
Dog\6831.jpg,1
Dog\6832.jpg,1
Dog\6833.jpg,1
Dog\6834.jpg,1
Dog\6835.jpg,1
Dog\6836.jpg,1
Dog\6837.jpg,1
Dog\6838.jpg,1
Dog\6839.jpg,1
Dog\6840.jpg,1
Dog\6841.jpg,1
Dog\6842.jpg,1
Dog\6843.jpg,1
Dog\6844.jpg,1
Dog\6845.jpg,1
Dog\6846.jpg,1
Dog\6847.jpg,1
Dog\6848.jpg,1
Dog\6849.jpg,1
Dog\6850.jpg,1
Dog\6851.jpg,1
Dog\6852.jpg,1
Dog\6853.jpg,1
Dog\6854.jpg,1
Dog\6855.jpg,1
Dog\6856.jpg,1
Dog\6857.jpg,1
Dog\6858.jpg,1
Dog\6859.jpg,1
Dog\6860.jpg,1
Dog\6861.jpg,1
Dog\6862.jpg,1
Dog\6863.jpg,1
Dog\6864.jpg,1
Dog\6865.jpg,1
Dog\6866.jpg,1
Dog\6867.jpg,1
Dog\6868.jpg,1
Dog\6869.jpg,1
Dog\6870.jpg,1
Dog\6871.jpg,1
Dog\6872.jpg,1
Dog\6873.jpg,1
Dog\6874.jpg,1
Dog\6875.jpg,1
Dog\6876.jpg,1
Dog\6877.jpg,1
Dog\6878.jpg,1
Dog\6879.jpg,1
Dog\6880.jpg,1
Dog\6881.jpg,1
Dog\6882.jpg,1
Dog\6883.jpg,1
Dog\6884.jpg,1
Dog\6885.jpg,1
Dog\6886.jpg,1
Dog\6887.jpg,1
Dog\6888.jpg,1
Dog\6889.jpg,1
Dog\6890.jpg,1
Dog\6891.jpg,1
Dog\6892.jpg,1
Dog\6893.jpg,1
Dog\6894.jpg,1
Dog\6895.jpg,1
Dog\6896.jpg,1
Dog\6897.jpg,1
Dog\6898.jpg,1
Dog\6899.jpg,1
Dog\6900.jpg,1
Dog\6901.jpg,1
Dog\6902.jpg,1
Dog\6903.jpg,1
Dog\6904.jpg,1
Dog\6905.jpg,1
Dog\6906.jpg,1
Dog\6907.jpg,1
Dog\6908.jpg,1
Dog\6909.jpg,1
Dog\6910.jpg,1
Dog\6911.jpg,1
Dog\6912.jpg,1
Dog\6913.jpg,1
Dog\6914.jpg,1
Dog\6915.jpg,1
Dog\6916.jpg,1
Dog\6917.jpg,1
Dog\6918.jpg,1
Dog\6919.jpg,1
Dog\6920.jpg,1
Dog\6921.jpg,1
Dog\6922.jpg,1
Dog\6923.jpg,1
Dog\6924.jpg,1
Dog\6925.jpg,1
Dog\6926.jpg,1
Dog\6927.jpg,1
Dog\6928.jpg,1
Dog\6929.jpg,1
Dog\6930.jpg,1
Dog\6931.jpg,1
Dog\6932.jpg,1
Dog\6933.jpg,1
Dog\6934.jpg,1
Dog\6935.jpg,1
Dog\6936.jpg,1
Dog\6937.jpg,1
Dog\6938.jpg,1
Dog\6939.jpg,1
Dog\6940.jpg,1
Dog\6941.jpg,1
Dog\6942.jpg,1
Dog\6943.jpg,1
Dog\6944.jpg,1
Dog\6945.jpg,1
Dog\6946.jpg,1
Dog\6947.jpg,1
Dog\6948.jpg,1
Dog\6949.jpg,1
Dog\6950.jpg,1
Dog\6951.jpg,1
Dog\6952.jpg,1
Dog\6953.jpg,1
Dog\6954.jpg,1
Dog\6955.jpg,1
Dog\6956.jpg,1
Dog\6957.jpg,1
Dog\6958.jpg,1
Dog\6959.jpg,1
Dog\6960.jpg,1
Dog\6961.jpg,1
Dog\6962.jpg,1
Dog\6963.jpg,1
Dog\6964.jpg,1
Dog\6965.jpg,1
Dog\6966.jpg,1
Dog\6967.jpg,1
Dog\6968.jpg,1
Dog\6969.jpg,1
Dog\6970.jpg,1
Dog\6971.jpg,1
Dog\6972.jpg,1
Dog\6973.jpg,1
Dog\6974.jpg,1
Dog\6975.jpg,1
Dog\6976.jpg,1
Dog\6977.jpg,1
Dog\6978.jpg,1
Dog\6979.jpg,1
Dog\6980.jpg,1
Dog\6981.jpg,1
Dog\6982.jpg,1
Dog\6983.jpg,1
Dog\6984.jpg,1
Dog\6985.jpg,1
Dog\6986.jpg,1
Dog\6987.jpg,1
Dog\6988.jpg,1
Dog\6989.jpg,1
Dog\6990.jpg,1
Dog\6991.jpg,1
Dog\6992.jpg,1
Dog\6993.jpg,1
Dog\6994.jpg,1
Dog\6995.jpg,1
Dog\6996.jpg,1
Dog\6997.jpg,1
Dog\6998.jpg,1
Dog\6999.jpg,1
Dog\7000.jpg,1
Dog\7001.jpg,1
Dog\7002.jpg,1
Dog\7003.jpg,1
Dog\7004.jpg,1
Dog\7005.jpg,1
Dog\7006.jpg,1
Dog\7007.jpg,1
Dog\7008.jpg,1
Dog\7009.jpg,1
Dog\7010.jpg,1
Dog\7011.jpg,1
Dog\7012.jpg,1
Dog\7013.jpg,1
Dog\7014.jpg,1
Dog\7015.jpg,1
Dog\7016.jpg,1
Dog\7017.jpg,1
Dog\7018.jpg,1
Dog\7019.jpg,1
Dog\7020.jpg,1
Dog\7021.jpg,1
Dog\7022.jpg,1
Dog\7023.jpg,1
Dog\7024.jpg,1
Dog\7025.jpg,1
Dog\7026.jpg,1
Dog\7027.jpg,1
Dog\7028.jpg,1
Dog\7029.jpg,1
Dog\7030.jpg,1
Dog\7031.jpg,1
Dog\7032.jpg,1
Dog\7033.jpg,1
Dog\7034.jpg,1
Dog\7035.jpg,1
Dog\7036.jpg,1
Dog\7037.jpg,1
Dog\7038.jpg,1
Dog\7039.jpg,1
Dog\7040.jpg,1
Dog\7041.jpg,1
Dog\7042.jpg,1
Dog\7043.jpg,1
Dog\7044.jpg,1
Dog\7045.jpg,1
Dog\7046.jpg,1
Dog\7047.jpg,1
Dog\7048.jpg,1
Dog\7049.jpg,1
Dog\7050.jpg,1
Dog\7051.jpg,1
Dog\7052.jpg,1
Dog\7053.jpg,1
Dog\7054.jpg,1
Dog\7055.jpg,1
Dog\7056.jpg,1
Dog\7057.jpg,1
Dog\7058.jpg,1
Dog\7059.jpg,1
Dog\7060.jpg,1
Dog\7061.jpg,1
Dog\7062.jpg,1
Dog\7063.jpg,1
Dog\7064.jpg,1
Dog\7065.jpg,1
Dog\7066.jpg,1
Dog\7067.jpg,1
Dog\7068.jpg,1
Dog\7069.jpg,1
Dog\7070.jpg,1
Dog\7071.jpg,1
Dog\7072.jpg,1
Dog\7073.jpg,1
Dog\7074.jpg,1
Dog\7075.jpg,1
Dog\7076.jpg,1
Dog\7077.jpg,1
Dog\7078.jpg,1
Dog\7079.jpg,1
Dog\7080.jpg,1
Dog\7081.jpg,1
Dog\7082.jpg,1
Dog\7083.jpg,1
Dog\7084.jpg,1
Dog\7085.jpg,1
Dog\7086.jpg,1
Dog\7087.jpg,1
Dog\7088.jpg,1
Dog\7089.jpg,1
Dog\7090.jpg,1
Dog\7091.jpg,1
Dog\7092.jpg,1
Dog\7093.jpg,1
Dog\7094.jpg,1
Dog\7095.jpg,1
Dog\7096.jpg,1
Dog\7097.jpg,1
Dog\7098.jpg,1
Dog\7099.jpg,1
Dog\7100.jpg,1
Dog\7101.jpg,1
Dog\7102.jpg,1
Dog\7103.jpg,1
Dog\7104.jpg,1
Dog\7105.jpg,1
Dog\7106.jpg,1
Dog\7107.jpg,1
Dog\7108.jpg,1
Dog\7109.jpg,1
Dog\7110.jpg,1
Dog\7111.jpg,1
Dog\7113.jpg,1
Dog\7114.jpg,1
Dog\7115.jpg,1
Dog\7116.jpg,1
Dog\7117.jpg,1
Dog\7118.jpg,1
Dog\7119.jpg,1
Dog\7120.jpg,1
Dog\7121.jpg,1
Dog\7122.jpg,1
Dog\7123.jpg,1
Dog\7124.jpg,1
Dog\7125.jpg,1
Dog\7126.jpg,1
Dog\7127.jpg,1
Dog\7128.jpg,1
Dog\7129.jpg,1
Dog\7130.jpg,1
Dog\7131.jpg,1
Dog\7132.jpg,1
Dog\7134.jpg,1
Dog\7135.jpg,1
Dog\7136.jpg,1
Dog\7137.jpg,1
Dog\7138.jpg,1
Dog\7139.jpg,1
Dog\7140.jpg,1
Dog\7141.jpg,1
Dog\7142.jpg,1
Dog\7143.jpg,1
Dog\7144.jpg,1
Dog\7145.jpg,1
Dog\7146.jpg,1
Dog\7147.jpg,1
Dog\7148.jpg,1
Dog\7149.jpg,1
Dog\7150.jpg,1
Dog\7151.jpg,1
Dog\7152.jpg,1
Dog\7153.jpg,1
Dog\7154.jpg,1
Dog\7155.jpg,1
Dog\7156.jpg,1
Dog\7157.jpg,1
Dog\7158.jpg,1
Dog\7159.jpg,1
Dog\7160.jpg,1
Dog\7161.jpg,1
Dog\7162.jpg,1
Dog\7163.jpg,1
Dog\7164.jpg,1
Dog\7165.jpg,1
Dog\7166.jpg,1
Dog\7167.jpg,1
Dog\7168.jpg,1
Dog\7169.jpg,1
Dog\7170.jpg,1
Dog\7171.jpg,1
Dog\7172.jpg,1
Dog\7173.jpg,1
Dog\7174.jpg,1
Dog\7175.jpg,1
Dog\7176.jpg,1
Dog\7177.jpg,1
Dog\7178.jpg,1
Dog\7179.jpg,1
Dog\7180.jpg,1
Dog\7181.jpg,1
Dog\7182.jpg,1
Dog\7183.jpg,1
Dog\7184.jpg,1
Dog\7185.jpg,1
Dog\7186.jpg,1
Dog\7187.jpg,1
Dog\7188.jpg,1
Dog\7189.jpg,1
Dog\7190.jpg,1
Dog\7191.jpg,1
Dog\7192.jpg,1
Dog\7193.jpg,1
Dog\7194.jpg,1
Dog\7195.jpg,1
Dog\7196.jpg,1
Dog\7197.jpg,1
Dog\7198.jpg,1
Dog\7199.jpg,1
Dog\7200.jpg,1
Dog\7201.jpg,1
Dog\7202.jpg,1
Dog\7203.jpg,1
Dog\7204.jpg,1
Dog\7205.jpg,1
Dog\7206.jpg,1
Dog\7207.jpg,1
Dog\7208.jpg,1
Dog\7209.jpg,1
Dog\7210.jpg,1
Dog\7211.jpg,1
Dog\7212.jpg,1
Dog\7213.jpg,1
Dog\7214.jpg,1
Dog\7215.jpg,1
Dog\7216.jpg,1
Dog\7217.jpg,1
Dog\7218.jpg,1
Dog\7219.jpg,1
Dog\7220.jpg,1
Dog\7221.jpg,1
Dog\7222.jpg,1
Dog\7223.jpg,1
Dog\7224.jpg,1
Dog\7225.jpg,1
Dog\7226.jpg,1
Dog\7227.jpg,1
Dog\7228.jpg,1
Dog\7229.jpg,1
Dog\7230.jpg,1
Dog\7231.jpg,1
Dog\7232.jpg,1
Dog\7233.jpg,1
Dog\7234.jpg,1
Dog\7235.jpg,1
Dog\7236.jpg,1
Dog\7237.jpg,1
Dog\7238.jpg,1
Dog\7239.jpg,1
Dog\7240.jpg,1
Dog\7241.jpg,1
Dog\7242.jpg,1
Dog\7243.jpg,1
Dog\7244.jpg,1
Dog\7245.jpg,1
Dog\7246.jpg,1
Dog\7247.jpg,1
Dog\7248.jpg,1
Dog\7249.jpg,1
Dog\7250.jpg,1
Dog\7251.jpg,1
Dog\7252.jpg,1
Dog\7253.jpg,1
Dog\7254.jpg,1
Dog\7255.jpg,1
Dog\7256.jpg,1
Dog\7257.jpg,1
Dog\7258.jpg,1
Dog\7259.jpg,1
Dog\7260.jpg,1
Dog\7261.jpg,1
Dog\7262.jpg,1
Dog\7263.jpg,1
Dog\7264.jpg,1
Dog\7265.jpg,1
Dog\7266.jpg,1
Dog\7267.jpg,1
Dog\7268.jpg,1
Dog\7269.jpg,1
Dog\7270.jpg,1
Dog\7271.jpg,1
Dog\7272.jpg,1
Dog\7273.jpg,1
Dog\7274.jpg,1
Dog\7275.jpg,1
Dog\7276.jpg,1
Dog\7277.jpg,1
Dog\7278.jpg,1
Dog\7279.jpg,1
Dog\7280.jpg,1
Dog\7281.jpg,1
Dog\7282.jpg,1
Dog\7283.jpg,1
Dog\7284.jpg,1
Dog\7285.jpg,1
Dog\7286.jpg,1
Dog\7287.jpg,1
Dog\7288.jpg,1
Dog\7289.jpg,1
Dog\7290.jpg,1
Dog\7291.jpg,1
Dog\7292.jpg,1
Dog\7293.jpg,1
Dog\7294.jpg,1
Dog\7295.jpg,1
Dog\7296.jpg,1
Dog\7297.jpg,1
Dog\7298.jpg,1
Dog\7299.jpg,1
Dog\7300.jpg,1
Dog\7301.jpg,1
Dog\7302.jpg,1
Dog\7303.jpg,1
Dog\7304.jpg,1
Dog\7305.jpg,1
Dog\7306.jpg,1
Dog\7307.jpg,1
Dog\7308.jpg,1
Dog\7309.jpg,1
Dog\7310.jpg,1
Dog\7311.jpg,1
Dog\7312.jpg,1
Dog\7313.jpg,1
Dog\7314.jpg,1
Dog\7315.jpg,1
Dog\7316.jpg,1
Dog\7317.jpg,1
Dog\7318.jpg,1
Dog\7319.jpg,1
Dog\7320.jpg,1
Dog\7321.jpg,1
Dog\7322.jpg,1
Dog\7323.jpg,1
Dog\7324.jpg,1
Dog\7325.jpg,1
Dog\7326.jpg,1
Dog\7327.jpg,1
Dog\7328.jpg,1
Dog\7329.jpg,1
Dog\7330.jpg,1
Dog\7331.jpg,1
Dog\7332.jpg,1
Dog\7333.jpg,1
Dog\7334.jpg,1
Dog\7335.jpg,1
Dog\7336.jpg,1
Dog\7337.jpg,1
Dog\7338.jpg,1
Dog\7339.jpg,1
Dog\7340.jpg,1
Dog\7341.jpg,1
Dog\7342.jpg,1
Dog\7343.jpg,1
Dog\7344.jpg,1
Dog\7345.jpg,1
Dog\7346.jpg,1
Dog\7347.jpg,1
Dog\7348.jpg,1
Dog\7349.jpg,1
Dog\7350.jpg,1
Dog\7351.jpg,1
Dog\7352.jpg,1
Dog\7353.jpg,1
Dog\7354.jpg,1
Dog\7355.jpg,1
Dog\7356.jpg,1
Dog\7357.jpg,1
Dog\7358.jpg,1
Dog\7359.jpg,1
Dog\7360.jpg,1
Dog\7361.jpg,1
Dog\7362.jpg,1
Dog\7363.jpg,1
Dog\7364.jpg,1
Dog\7365.jpg,1
Dog\7366.jpg,1
Dog\7367.jpg,1
Dog\7368.jpg,1
Dog\7370.jpg,1
Dog\7371.jpg,1
Dog\7372.jpg,1
Dog\7373.jpg,1
Dog\7374.jpg,1
Dog\7375.jpg,1
Dog\7376.jpg,1
Dog\7377.jpg,1
Dog\7378.jpg,1
Dog\7379.jpg,1
Dog\7380.jpg,1
Dog\7381.jpg,1
Dog\7382.jpg,1
Dog\7383.jpg,1
Dog\7384.jpg,1
Dog\7385.jpg,1
Dog\7386.jpg,1
Dog\7387.jpg,1
Dog\7388.jpg,1
Dog\7389.jpg,1
Dog\7390.jpg,1
Dog\7391.jpg,1
Dog\7392.jpg,1
Dog\7393.jpg,1
Dog\7394.jpg,1
Dog\7395.jpg,1
Dog\7396.jpg,1
Dog\7397.jpg,1
Dog\7398.jpg,1
Dog\7399.jpg,1
Dog\7400.jpg,1
Dog\7401.jpg,1
Dog\7402.jpg,1
Dog\7403.jpg,1
Dog\7404.jpg,1
Dog\7405.jpg,1
Dog\7406.jpg,1
Dog\7407.jpg,1
Dog\7408.jpg,1
Dog\7409.jpg,1
Dog\7410.jpg,1
Dog\7411.jpg,1
Dog\7412.jpg,1
Dog\7413.jpg,1
Dog\7414.jpg,1
Dog\7415.jpg,1
Dog\7416.jpg,1
Dog\7417.jpg,1
Dog\7418.jpg,1
Dog\7419.jpg,1
Dog\7420.jpg,1
Dog\7421.jpg,1
Dog\7422.jpg,1
Dog\7423.jpg,1
Dog\7424.jpg,1
Dog\7425.jpg,1
Dog\7426.jpg,1
Dog\7427.jpg,1
Dog\7428.jpg,1
Dog\7429.jpg,1
Dog\7430.jpg,1
Dog\7431.jpg,1
Dog\7432.jpg,1
Dog\7433.jpg,1
Dog\7434.jpg,1
Dog\7435.jpg,1
Dog\7436.jpg,1
Dog\7437.jpg,1
Dog\7438.jpg,1
Dog\7439.jpg,1
Dog\7440.jpg,1
Dog\7441.jpg,1
Dog\7442.jpg,1
Dog\7443.jpg,1
Dog\7444.jpg,1
Dog\7445.jpg,1
Dog\7446.jpg,1
Dog\7447.jpg,1
Dog\7448.jpg,1
Dog\7449.jpg,1
Dog\7450.jpg,1
Dog\7451.jpg,1
Dog\7452.jpg,1
Dog\7453.jpg,1
Dog\7454.jpg,1
Dog\7455.jpg,1
Dog\7456.jpg,1
Dog\7457.jpg,1
Dog\7458.jpg,1
Dog\7460.jpg,1
Dog\7461.jpg,1
Dog\7462.jpg,1
Dog\7463.jpg,1
Dog\7464.jpg,1
Dog\7465.jpg,1
Dog\7466.jpg,1
Dog\7467.jpg,1
Dog\7468.jpg,1
Dog\7469.jpg,1
Dog\7470.jpg,1
Dog\7471.jpg,1
Dog\7472.jpg,1
Dog\7473.jpg,1
Dog\7474.jpg,1
Dog\7475.jpg,1
Dog\7476.jpg,1
Dog\7477.jpg,1
Dog\7478.jpg,1
Dog\7479.jpg,1
Dog\7480.jpg,1
Dog\7481.jpg,1
Dog\7482.jpg,1
Dog\7483.jpg,1
Dog\7484.jpg,1
Dog\7485.jpg,1
Dog\7486.jpg,1
Dog\7487.jpg,1
Dog\7488.jpg,1
Dog\7489.jpg,1
Dog\7490.jpg,1
Dog\7491.jpg,1
Dog\7492.jpg,1
Dog\7493.jpg,1
Dog\7494.jpg,1
Dog\7495.jpg,1
Dog\7496.jpg,1
Dog\7497.jpg,1
Dog\7498.jpg,1
Dog\7499.jpg,1
Dog\7500.jpg,1
Dog\7501.jpg,1
Dog\7502.jpg,1
Dog\7503.jpg,1
Dog\7504.jpg,1
Dog\7505.jpg,1
Dog\7506.jpg,1
Dog\7507.jpg,1
Dog\7508.jpg,1
Dog\7509.jpg,1
Dog\7510.jpg,1
Dog\7511.jpg,1
Dog\7512.jpg,1
Dog\7513.jpg,1
Dog\7514.jpg,1
Dog\7515.jpg,1
Dog\7516.jpg,1
Dog\7517.jpg,1
Dog\7518.jpg,1
Dog\7519.jpg,1
Dog\7520.jpg,1
Dog\7521.jpg,1
Dog\7522.jpg,1
Dog\7523.jpg,1
Dog\7524.jpg,1
Dog\7525.jpg,1
Dog\7526.jpg,1
Dog\7527.jpg,1
Dog\7528.jpg,1
Dog\7529.jpg,1
Dog\7530.jpg,1
Dog\7531.jpg,1
Dog\7532.jpg,1
Dog\7533.jpg,1
Dog\7534.jpg,1
Dog\7535.jpg,1
Dog\7536.jpg,1
Dog\7537.jpg,1
Dog\7538.jpg,1
Dog\7539.jpg,1
Dog\7540.jpg,1
Dog\7541.jpg,1
Dog\7542.jpg,1
Dog\7543.jpg,1
Dog\7544.jpg,1
Dog\7545.jpg,1
Dog\7546.jpg,1
Dog\7547.jpg,1
Dog\7548.jpg,1
Dog\7549.jpg,1
Dog\7550.jpg,1
Dog\7551.jpg,1
Dog\7552.jpg,1
Dog\7553.jpg,1
Dog\7554.jpg,1
Dog\7555.jpg,1
Dog\7556.jpg,1
Dog\7557.jpg,1
Dog\7558.jpg,1
Dog\7559.jpg,1
Dog\7560.jpg,1
Dog\7561.jpg,1
Dog\7562.jpg,1
Dog\7563.jpg,1
Dog\7564.jpg,1
Dog\7565.jpg,1
Dog\7566.jpg,1
Dog\7567.jpg,1
Dog\7568.jpg,1
Dog\7569.jpg,1
Dog\7570.jpg,1
Dog\7571.jpg,1
Dog\7572.jpg,1
Dog\7573.jpg,1
Dog\7574.jpg,1
Dog\7575.jpg,1
Dog\7576.jpg,1
Dog\7577.jpg,1
Dog\7578.jpg,1
Dog\7579.jpg,1
Dog\7580.jpg,1
Dog\7581.jpg,1
Dog\7582.jpg,1
Dog\7583.jpg,1
Dog\7584.jpg,1
Dog\7585.jpg,1
Dog\7586.jpg,1
Dog\7587.jpg,1
Dog\7588.jpg,1
Dog\7589.jpg,1
Dog\7590.jpg,1
Dog\7591.jpg,1
Dog\7592.jpg,1
Dog\7593.jpg,1
Dog\7594.jpg,1
Dog\7595.jpg,1
Dog\7596.jpg,1
Dog\7597.jpg,1
Dog\7598.jpg,1
Dog\7599.jpg,1
Dog\7600.jpg,1
Dog\7601.jpg,1
Dog\7602.jpg,1
Dog\7603.jpg,1
Dog\7604.jpg,1
Dog\7605.jpg,1
Dog\7606.jpg,1
Dog\7607.jpg,1
Dog\7608.jpg,1
Dog\7609.jpg,1
Dog\7610.jpg,1
Dog\7611.jpg,1
Dog\7612.jpg,1
Dog\7613.jpg,1
Dog\7614.jpg,1
Dog\7615.jpg,1
Dog\7616.jpg,1
Dog\7617.jpg,1
Dog\7618.jpg,1
Dog\7619.jpg,1
Dog\7620.jpg,1
Dog\7621.jpg,1
Dog\7622.jpg,1
Dog\7623.jpg,1
Dog\7624.jpg,1
Dog\7625.jpg,1
Dog\7626.jpg,1
Dog\7627.jpg,1
Dog\7628.jpg,1
Dog\7629.jpg,1
Dog\7630.jpg,1
Dog\7631.jpg,1
Dog\7632.jpg,1
Dog\7633.jpg,1
Dog\7634.jpg,1
Dog\7635.jpg,1
Dog\7636.jpg,1
Dog\7637.jpg,1
Dog\7638.jpg,1
Dog\7639.jpg,1
Dog\7640.jpg,1
Dog\7641.jpg,1
Dog\7642.jpg,1
Dog\7643.jpg,1
Dog\7644.jpg,1
Dog\7645.jpg,1
Dog\7646.jpg,1
Dog\7647.jpg,1
Dog\7648.jpg,1
Dog\7649.jpg,1
Dog\7650.jpg,1
Dog\7651.jpg,1
Dog\7652.jpg,1
Dog\7653.jpg,1
Dog\7654.jpg,1
Dog\7655.jpg,1
Dog\7656.jpg,1
Dog\7657.jpg,1
Dog\7658.jpg,1
Dog\7659.jpg,1
Dog\7660.jpg,1
Dog\7661.jpg,1
Dog\7662.jpg,1
Dog\7663.jpg,1
Dog\7664.jpg,1
Dog\7665.jpg,1
Dog\7666.jpg,1
Dog\7667.jpg,1
Dog\7668.jpg,1
Dog\7669.jpg,1
Dog\7670.jpg,1
Dog\7671.jpg,1
Dog\7672.jpg,1
Dog\7673.jpg,1
Dog\7674.jpg,1
Dog\7675.jpg,1
Dog\7676.jpg,1
Dog\7677.jpg,1
Dog\7678.jpg,1
Dog\7679.jpg,1
Dog\7680.jpg,1
Dog\7681.jpg,1
Dog\7682.jpg,1
Dog\7683.jpg,1
Dog\7684.jpg,1
Dog\7685.jpg,1
Dog\7686.jpg,1
Dog\7687.jpg,1
Dog\7688.jpg,1
Dog\7689.jpg,1
Dog\7690.jpg,1
Dog\7691.jpg,1
Dog\7692.jpg,1
Dog\7693.jpg,1
Dog\7694.jpg,1
Dog\7695.jpg,1
Dog\7696.jpg,1
Dog\7697.jpg,1
Dog\7698.jpg,1
Dog\7699.jpg,1
Dog\7700.jpg,1
Dog\7701.jpg,1
Dog\7702.jpg,1
Dog\7703.jpg,1
Dog\7704.jpg,1
Dog\7705.jpg,1
Dog\7706.jpg,1
Dog\7707.jpg,1
Dog\7708.jpg,1
Dog\7709.jpg,1
Dog\7710.jpg,1
Dog\7711.jpg,1
Dog\7712.jpg,1
Dog\7713.jpg,1
Dog\7714.jpg,1
Dog\7715.jpg,1
Dog\7716.jpg,1
Dog\7717.jpg,1
Dog\7718.jpg,1
Dog\7719.jpg,1
Dog\7720.jpg,1
Dog\7721.jpg,1
Dog\7722.jpg,1
Dog\7723.jpg,1
Dog\7724.jpg,1
Dog\7725.jpg,1
Dog\7726.jpg,1
Dog\7727.jpg,1
Dog\7728.jpg,1
Dog\7729.jpg,1
Dog\7730.jpg,1
Dog\7731.jpg,1
Dog\7732.jpg,1
Dog\7733.jpg,1
Dog\7734.jpg,1
Dog\7735.jpg,1
Dog\7736.jpg,1
Dog\7737.jpg,1
Dog\7738.jpg,1
Dog\7739.jpg,1
Dog\7740.jpg,1
Dog\7741.jpg,1
Dog\7742.jpg,1
Dog\7743.jpg,1
Dog\7744.jpg,1
Dog\7745.jpg,1
Dog\7746.jpg,1
Dog\7747.jpg,1
Dog\7748.jpg,1
Dog\7749.jpg,1
Dog\7750.jpg,1
Dog\7751.jpg,1
Dog\7752.jpg,1
Dog\7753.jpg,1
Dog\7754.jpg,1
Dog\7755.jpg,1
Dog\7756.jpg,1
Dog\7757.jpg,1
Dog\7758.jpg,1
Dog\7759.jpg,1
Dog\7760.jpg,1
Dog\7761.jpg,1
Dog\7762.jpg,1
Dog\7763.jpg,1
Dog\7764.jpg,1
Dog\7765.jpg,1
Dog\7766.jpg,1
Dog\7767.jpg,1
Dog\7768.jpg,1
Dog\7769.jpg,1
Dog\7770.jpg,1
Dog\7771.jpg,1
Dog\7772.jpg,1
Dog\7773.jpg,1
Dog\7774.jpg,1
Dog\7775.jpg,1
Dog\7776.jpg,1
Dog\7777.jpg,1
Dog\7778.jpg,1
Dog\7779.jpg,1
Dog\7780.jpg,1
Dog\7781.jpg,1
Dog\7782.jpg,1
Dog\7783.jpg,1
Dog\7784.jpg,1
Dog\7785.jpg,1
Dog\7786.jpg,1
Dog\7787.jpg,1
Dog\7788.jpg,1
Dog\7789.jpg,1
Dog\7790.jpg,1
Dog\7791.jpg,1
Dog\7792.jpg,1
Dog\7793.jpg,1
Dog\7794.jpg,1
Dog\7795.jpg,1
Dog\7796.jpg,1
Dog\7797.jpg,1
Dog\7798.jpg,1
Dog\7799.jpg,1
Dog\7800.jpg,1
Dog\7801.jpg,1
Dog\7802.jpg,1
Dog\7803.jpg,1
Dog\7804.jpg,1
Dog\7805.jpg,1
Dog\7806.jpg,1
Dog\7807.jpg,1
Dog\7808.jpg,1
Dog\7809.jpg,1
Dog\7810.jpg,1
Dog\7811.jpg,1
Dog\7812.jpg,1
Dog\7813.jpg,1
Dog\7814.jpg,1
Dog\7815.jpg,1
Dog\7816.jpg,1
Dog\7817.jpg,1
Dog\7818.jpg,1
Dog\7819.jpg,1
Dog\7820.jpg,1
Dog\7821.jpg,1
Dog\7822.jpg,1
Dog\7823.jpg,1
Dog\7824.jpg,1
Dog\7825.jpg,1
Dog\7826.jpg,1
Dog\7827.jpg,1
Dog\7828.jpg,1
Dog\7829.jpg,1
Dog\7830.jpg,1
Dog\7831.jpg,1
Dog\7832.jpg,1
Dog\7833.jpg,1
Dog\7834.jpg,1
Dog\7835.jpg,1
Dog\7836.jpg,1
Dog\7837.jpg,1
Dog\7838.jpg,1
Dog\7839.jpg,1
Dog\7840.jpg,1
Dog\7841.jpg,1
Dog\7842.jpg,1
Dog\7843.jpg,1
Dog\7844.jpg,1
Dog\7845.jpg,1
Dog\7846.jpg,1
Dog\7847.jpg,1
Dog\7848.jpg,1
Dog\7849.jpg,1
Dog\7850.jpg,1
Dog\7851.jpg,1
Dog\7852.jpg,1
Dog\7853.jpg,1
Dog\7854.jpg,1
Dog\7855.jpg,1
Dog\7856.jpg,1
Dog\7857.jpg,1
Dog\7858.jpg,1
Dog\7859.jpg,1
Dog\7860.jpg,1
Dog\7861.jpg,1
Dog\7862.jpg,1
Dog\7863.jpg,1
Dog\7864.jpg,1
Dog\7865.jpg,1
Dog\7866.jpg,1
Dog\7867.jpg,1
Dog\7868.jpg,1
Dog\7869.jpg,1
Dog\7870.jpg,1
Dog\7871.jpg,1
Dog\7872.jpg,1
Dog\7873.jpg,1
Dog\7874.jpg,1
Dog\7875.jpg,1
Dog\7876.jpg,1
Dog\7877.jpg,1
Dog\7878.jpg,1
Dog\7879.jpg,1
Dog\7880.jpg,1
Dog\7881.jpg,1
Dog\7882.jpg,1
Dog\7883.jpg,1
Dog\7884.jpg,1
Dog\7885.jpg,1
Dog\7886.jpg,1
Dog\7887.jpg,1
Dog\7888.jpg,1
Dog\7889.jpg,1
Dog\7890.jpg,1
Dog\7891.jpg,1
Dog\7892.jpg,1
Dog\7893.jpg,1
Dog\7894.jpg,1
Dog\7895.jpg,1
Dog\7896.jpg,1
Dog\7897.jpg,1
Dog\7898.jpg,1
Dog\7899.jpg,1
Dog\7900.jpg,1
Dog\7901.jpg,1
Dog\7902.jpg,1
Dog\7903.jpg,1
Dog\7904.jpg,1
Dog\7905.jpg,1
Dog\7906.jpg,1
Dog\7907.jpg,1
Dog\7908.jpg,1
Dog\7909.jpg,1
Dog\7910.jpg,1
Dog\7911.jpg,1
Dog\7912.jpg,1
Dog\7913.jpg,1
Dog\7914.jpg,1
Dog\7915.jpg,1
Dog\7916.jpg,1
Dog\7917.jpg,1
Dog\7918.jpg,1
Dog\7919.jpg,1
Dog\7920.jpg,1
Dog\7921.jpg,1
Dog\7922.jpg,1
Dog\7923.jpg,1
Dog\7924.jpg,1
Dog\7925.jpg,1
Dog\7926.jpg,1
Dog\7927.jpg,1
Dog\7928.jpg,1
Dog\7929.jpg,1
Dog\7930.jpg,1
Dog\7931.jpg,1
Dog\7932.jpg,1
Dog\7933.jpg,1
Dog\7934.jpg,1
Dog\7935.jpg,1
Dog\7936.jpg,1
Dog\7937.jpg,1
Dog\7938.jpg,1
Dog\7939.jpg,1
Dog\7940.jpg,1
Dog\7941.jpg,1
Dog\7942.jpg,1
Dog\7943.jpg,1
Dog\7944.jpg,1
Dog\7945.jpg,1
Dog\7946.jpg,1
Dog\7947.jpg,1
Dog\7948.jpg,1
Dog\7949.jpg,1
Dog\7950.jpg,1
Dog\7951.jpg,1
Dog\7952.jpg,1
Dog\7953.jpg,1
Dog\7954.jpg,1
Dog\7955.jpg,1
Dog\7956.jpg,1
Dog\7957.jpg,1
Dog\7958.jpg,1
Dog\7959.jpg,1
Dog\7960.jpg,1
Dog\7961.jpg,1
Dog\7962.jpg,1
Dog\7963.jpg,1
Dog\7964.jpg,1
Dog\7965.jpg,1
Dog\7966.jpg,1
Dog\7967.jpg,1
Dog\7968.jpg,1
Dog\7970.jpg,1
Dog\7971.jpg,1
Dog\7972.jpg,1
Dog\7973.jpg,1
Dog\7974.jpg,1
Dog\7975.jpg,1
Dog\7976.jpg,1
Dog\7977.jpg,1
Dog\7978.jpg,1
Dog\7979.jpg,1
Dog\7980.jpg,1
Dog\7981.jpg,1
Dog\7982.jpg,1
Dog\7983.jpg,1
Dog\7984.jpg,1
Dog\7985.jpg,1
Dog\7986.jpg,1
Dog\7987.jpg,1
Dog\7988.jpg,1
Dog\7989.jpg,1
Dog\7990.jpg,1
Dog\7991.jpg,1
Dog\7992.jpg,1
Dog\7993.jpg,1
Dog\7994.jpg,1
Dog\7995.jpg,1
Dog\7996.jpg,1
Dog\7997.jpg,1
Dog\7998.jpg,1
Dog\7999.jpg,1
Dog\8000.jpg,1
Dog\8001.jpg,1
Dog\8002.jpg,1
Dog\8003.jpg,1
Dog\8004.jpg,1
Dog\8005.jpg,1
Dog\8006.jpg,1
Dog\8007.jpg,1
Dog\8008.jpg,1
Dog\8009.jpg,1
Dog\8010.jpg,1
Dog\8011.jpg,1
Dog\8012.jpg,1
Dog\8013.jpg,1
Dog\8014.jpg,1
Dog\8015.jpg,1
Dog\8016.jpg,1
Dog\8017.jpg,1
Dog\8018.jpg,1
Dog\8019.jpg,1
Dog\8020.jpg,1
Dog\8021.jpg,1
Dog\8022.jpg,1
Dog\8023.jpg,1
Dog\8024.jpg,1
Dog\8025.jpg,1
Dog\8026.jpg,1
Dog\8027.jpg,1
Dog\8028.jpg,1
Dog\8029.jpg,1
Dog\8030.jpg,1
Dog\8031.jpg,1
Dog\8032.jpg,1
Dog\8033.jpg,1
Dog\8034.jpg,1
Dog\8035.jpg,1
Dog\8036.jpg,1
Dog\8037.jpg,1
Dog\8038.jpg,1
Dog\8039.jpg,1
Dog\8040.jpg,1
Dog\8041.jpg,1
Dog\8042.jpg,1
Dog\8043.jpg,1
Dog\8044.jpg,1
Dog\8045.jpg,1
Dog\8046.jpg,1
Dog\8047.jpg,1
Dog\8048.jpg,1
Dog\8049.jpg,1
Dog\8050.jpg,1
Dog\8051.jpg,1
Dog\8052.jpg,1
Dog\8053.jpg,1
Dog\8054.jpg,1
Dog\8055.jpg,1
Dog\8056.jpg,1
Dog\8057.jpg,1
Dog\8058.jpg,1
Dog\8059.jpg,1
Dog\8060.jpg,1
Dog\8061.jpg,1
Dog\8062.jpg,1
Dog\8063.jpg,1
Dog\8064.jpg,1
Dog\8065.jpg,1
Dog\8066.jpg,1
Dog\8067.jpg,1
Dog\8068.jpg,1
Dog\8069.jpg,1
Dog\8070.jpg,1
Dog\8071.jpg,1
Dog\8072.jpg,1
Dog\8073.jpg,1
Dog\8074.jpg,1
Dog\8075.jpg,1
Dog\8076.jpg,1
Dog\8077.jpg,1
Dog\8078.jpg,1
Dog\8079.jpg,1
Dog\8080.jpg,1
Dog\8081.jpg,1
Dog\8082.jpg,1
Dog\8083.jpg,1
Dog\8084.jpg,1
Dog\8085.jpg,1
Dog\8086.jpg,1
Dog\8087.jpg,1
Dog\8088.jpg,1
Dog\8089.jpg,1
Dog\8090.jpg,1
Dog\8091.jpg,1
Dog\8092.jpg,1
Dog\8093.jpg,1
Dog\8094.jpg,1
Dog\8095.jpg,1
Dog\8096.jpg,1
Dog\8097.jpg,1
Dog\8098.jpg,1
Dog\8099.jpg,1
Dog\8100.jpg,1
Dog\8101.jpg,1
Dog\8102.jpg,1
Dog\8103.jpg,1
Dog\8104.jpg,1
Dog\8105.jpg,1
Dog\8106.jpg,1
Dog\8107.jpg,1
Dog\8108.jpg,1
Dog\8109.jpg,1
Dog\8110.jpg,1
Dog\8111.jpg,1
Dog\8112.jpg,1
Dog\8113.jpg,1
Dog\8114.jpg,1
Dog\8115.jpg,1
Dog\8116.jpg,1
Dog\8117.jpg,1
Dog\8118.jpg,1
Dog\8119.jpg,1
Dog\8120.jpg,1
Dog\8121.jpg,1
Dog\8122.jpg,1
Dog\8123.jpg,1
Dog\8124.jpg,1
Dog\8125.jpg,1
Dog\8126.jpg,1
Dog\8127.jpg,1
Dog\8128.jpg,1
Dog\8129.jpg,1
Dog\8130.jpg,1
Dog\8131.jpg,1
Dog\8132.jpg,1
Dog\8133.jpg,1
Dog\8134.jpg,1
Dog\8135.jpg,1
Dog\8136.jpg,1
Dog\8137.jpg,1
Dog\8138.jpg,1
Dog\8139.jpg,1
Dog\8140.jpg,1
Dog\8141.jpg,1
Dog\8142.jpg,1
Dog\8143.jpg,1
Dog\8144.jpg,1
Dog\8145.jpg,1
Dog\8146.jpg,1
Dog\8147.jpg,1
Dog\8148.jpg,1
Dog\8149.jpg,1
Dog\8150.jpg,1
Dog\8151.jpg,1
Dog\8152.jpg,1
Dog\8153.jpg,1
Dog\8154.jpg,1
Dog\8155.jpg,1
Dog\8156.jpg,1
Dog\8157.jpg,1
Dog\8158.jpg,1
Dog\8159.jpg,1
Dog\8160.jpg,1
Dog\8161.jpg,1
Dog\8162.jpg,1
Dog\8163.jpg,1
Dog\8164.jpg,1
Dog\8165.jpg,1
Dog\8166.jpg,1
Dog\8167.jpg,1
Dog\8168.jpg,1
Dog\8169.jpg,1
Dog\8170.jpg,1
Dog\8171.jpg,1
Dog\8172.jpg,1
Dog\8173.jpg,1
Dog\8174.jpg,1
Dog\8175.jpg,1
Dog\8176.jpg,1
Dog\8177.jpg,1
Dog\8178.jpg,1
Dog\8179.jpg,1
Dog\8180.jpg,1
Dog\8181.jpg,1
Dog\8182.jpg,1
Dog\8183.jpg,1
Dog\8184.jpg,1
Dog\8185.jpg,1
Dog\8186.jpg,1
Dog\8187.jpg,1
Dog\8188.jpg,1
Dog\8189.jpg,1
Dog\8190.jpg,1
Dog\8191.jpg,1
Dog\8192.jpg,1
Dog\8193.jpg,1
Dog\8194.jpg,1
Dog\8195.jpg,1
Dog\8196.jpg,1
Dog\8197.jpg,1
Dog\8198.jpg,1
Dog\8199.jpg,1
Dog\8200.jpg,1
Dog\8201.jpg,1
Dog\8202.jpg,1
Dog\8203.jpg,1
Dog\8204.jpg,1
Dog\8205.jpg,1
Dog\8206.jpg,1
Dog\8207.jpg,1
Dog\8208.jpg,1
Dog\8209.jpg,1
Dog\8210.jpg,1
Dog\8211.jpg,1
Dog\8212.jpg,1
Dog\8213.jpg,1
Dog\8214.jpg,1
Dog\8215.jpg,1
Dog\8216.jpg,1
Dog\8217.jpg,1
Dog\8218.jpg,1
Dog\8219.jpg,1
Dog\8220.jpg,1
Dog\8221.jpg,1
Dog\8222.jpg,1
Dog\8223.jpg,1
Dog\8224.jpg,1
Dog\8225.jpg,1
Dog\8226.jpg,1
Dog\8227.jpg,1
Dog\8228.jpg,1
Dog\8229.jpg,1
Dog\8230.jpg,1
Dog\8231.jpg,1
Dog\8232.jpg,1
Dog\8233.jpg,1
Dog\8234.jpg,1
Dog\8235.jpg,1
Dog\8236.jpg,1
Dog\8237.jpg,1
Dog\8238.jpg,1
Dog\8239.jpg,1
Dog\8240.jpg,1
Dog\8241.jpg,1
Dog\8242.jpg,1
Dog\8243.jpg,1
Dog\8244.jpg,1
Dog\8245.jpg,1
Dog\8246.jpg,1
Dog\8247.jpg,1
Dog\8248.jpg,1
Dog\8249.jpg,1
Dog\8250.jpg,1
Dog\8251.jpg,1
Dog\8252.jpg,1
Dog\8253.jpg,1
Dog\8254.jpg,1
Dog\8255.jpg,1
Dog\8256.jpg,1
Dog\8257.jpg,1
Dog\8258.jpg,1
Dog\8259.jpg,1
Dog\8260.jpg,1
Dog\8261.jpg,1
Dog\8262.jpg,1
Dog\8263.jpg,1
Dog\8264.jpg,1
Dog\8265.jpg,1
Dog\8266.jpg,1
Dog\8267.jpg,1
Dog\8268.jpg,1
Dog\8269.jpg,1
Dog\8270.jpg,1
Dog\8271.jpg,1
Dog\8272.jpg,1
Dog\8273.jpg,1
Dog\8274.jpg,1
Dog\8275.jpg,1
Dog\8276.jpg,1
Dog\8277.jpg,1
Dog\8278.jpg,1
Dog\8279.jpg,1
Dog\8280.jpg,1
Dog\8281.jpg,1
Dog\8282.jpg,1
Dog\8283.jpg,1
Dog\8284.jpg,1
Dog\8285.jpg,1
Dog\8286.jpg,1
Dog\8287.jpg,1
Dog\8288.jpg,1
Dog\8289.jpg,1
Dog\8290.jpg,1
Dog\8291.jpg,1
Dog\8292.jpg,1
Dog\8293.jpg,1
Dog\8294.jpg,1
Dog\8295.jpg,1
Dog\8296.jpg,1
Dog\8297.jpg,1
Dog\8298.jpg,1
Dog\8299.jpg,1
Dog\8300.jpg,1
Dog\8301.jpg,1
Dog\8302.jpg,1
Dog\8303.jpg,1
Dog\8304.jpg,1
Dog\8305.jpg,1
Dog\8306.jpg,1
Dog\8307.jpg,1
Dog\8308.jpg,1
Dog\8309.jpg,1
Dog\8310.jpg,1
Dog\8311.jpg,1
Dog\8312.jpg,1
Dog\8313.jpg,1
Dog\8314.jpg,1
Dog\8315.jpg,1
Dog\8316.jpg,1
Dog\8317.jpg,1
Dog\8318.jpg,1
Dog\8319.jpg,1
Dog\8320.jpg,1
Dog\8321.jpg,1
Dog\8322.jpg,1
Dog\8323.jpg,1
Dog\8324.jpg,1
Dog\8325.jpg,1
Dog\8326.jpg,1
Dog\8327.jpg,1
Dog\8328.jpg,1
Dog\8329.jpg,1
Dog\8330.jpg,1
Dog\8331.jpg,1
Dog\8332.jpg,1
Dog\8333.jpg,1
Dog\8334.jpg,1
Dog\8335.jpg,1
Dog\8336.jpg,1
Dog\8337.jpg,1
Dog\8338.jpg,1
Dog\8339.jpg,1
Dog\8340.jpg,1
Dog\8341.jpg,1
Dog\8342.jpg,1
Dog\8343.jpg,1
Dog\8344.jpg,1
Dog\8345.jpg,1
Dog\8346.jpg,1
Dog\8347.jpg,1
Dog\8348.jpg,1
Dog\8349.jpg,1
Dog\8350.jpg,1
Dog\8351.jpg,1
Dog\8352.jpg,1
Dog\8353.jpg,1
Dog\8354.jpg,1
Dog\8355.jpg,1
Dog\8356.jpg,1
Dog\8357.jpg,1
Dog\8358.jpg,1
Dog\8359.jpg,1
Dog\8360.jpg,1
Dog\8361.jpg,1
Dog\8362.jpg,1
Dog\8363.jpg,1
Dog\8364.jpg,1
Dog\8365.jpg,1
Dog\8366.jpg,1
Dog\8367.jpg,1
Dog\8368.jpg,1
Dog\8369.jpg,1
Dog\8370.jpg,1
Dog\8371.jpg,1
Dog\8372.jpg,1
Dog\8373.jpg,1
Dog\8374.jpg,1
Dog\8375.jpg,1
Dog\8376.jpg,1
Dog\8377.jpg,1
Dog\8378.jpg,1
Dog\8379.jpg,1
Dog\8380.jpg,1
Dog\8381.jpg,1
Dog\8382.jpg,1
Dog\8383.jpg,1
Dog\8384.jpg,1
Dog\8385.jpg,1
Dog\8386.jpg,1
Dog\8387.jpg,1
Dog\8388.jpg,1
Dog\8389.jpg,1
Dog\8390.jpg,1
Dog\8391.jpg,1
Dog\8392.jpg,1
Dog\8393.jpg,1
Dog\8394.jpg,1
Dog\8395.jpg,1
Dog\8396.jpg,1
Dog\8397.jpg,1
Dog\8398.jpg,1
Dog\8399.jpg,1
Dog\8400.jpg,1
Dog\8401.jpg,1
Dog\8402.jpg,1
Dog\8403.jpg,1
Dog\8404.jpg,1
Dog\8405.jpg,1
Dog\8406.jpg,1
Dog\8407.jpg,1
Dog\8408.jpg,1
Dog\8409.jpg,1
Dog\8410.jpg,1
Dog\8411.jpg,1
Dog\8412.jpg,1
Dog\8413.jpg,1
Dog\8414.jpg,1
Dog\8415.jpg,1
Dog\8416.jpg,1
Dog\8417.jpg,1
Dog\8418.jpg,1
Dog\8419.jpg,1
Dog\8420.jpg,1
Dog\8421.jpg,1
Dog\8422.jpg,1
Dog\8423.jpg,1
Dog\8424.jpg,1
Dog\8425.jpg,1
Dog\8426.jpg,1
Dog\8427.jpg,1
Dog\8428.jpg,1
Dog\8429.jpg,1
Dog\8430.jpg,1
Dog\8431.jpg,1
Dog\8432.jpg,1
Dog\8433.jpg,1
Dog\8434.jpg,1
Dog\8435.jpg,1
Dog\8436.jpg,1
Dog\8437.jpg,1
Dog\8438.jpg,1
Dog\8439.jpg,1
Dog\8440.jpg,1
Dog\8441.jpg,1
Dog\8442.jpg,1
Dog\8443.jpg,1
Dog\8444.jpg,1
Dog\8445.jpg,1
Dog\8446.jpg,1
Dog\8447.jpg,1
Dog\8448.jpg,1
Dog\8449.jpg,1
Dog\8450.jpg,1
Dog\8451.jpg,1
Dog\8452.jpg,1
Dog\8453.jpg,1
Dog\8454.jpg,1
Dog\8455.jpg,1
Dog\8456.jpg,1
Dog\8457.jpg,1
Dog\8458.jpg,1
Dog\8459.jpg,1
Dog\8460.jpg,1
Dog\8461.jpg,1
Dog\8462.jpg,1
Dog\8463.jpg,1
Dog\8464.jpg,1
Dog\8465.jpg,1
Dog\8466.jpg,1
Dog\8467.jpg,1
Dog\8468.jpg,1
Dog\8469.jpg,1
Dog\8470.jpg,1
Dog\8471.jpg,1
Dog\8472.jpg,1
Dog\8473.jpg,1
Dog\8474.jpg,1
Dog\8475.jpg,1
Dog\8476.jpg,1
Dog\8477.jpg,1
Dog\8478.jpg,1
Dog\8479.jpg,1
Dog\8480.jpg,1
Dog\8481.jpg,1
Dog\8482.jpg,1
Dog\8483.jpg,1
Dog\8484.jpg,1
Dog\8485.jpg,1
Dog\8486.jpg,1
Dog\8487.jpg,1
Dog\8488.jpg,1
Dog\8489.jpg,1
Dog\8490.jpg,1
Dog\8491.jpg,1
Dog\8492.jpg,1
Dog\8493.jpg,1
Dog\8494.jpg,1
Dog\8495.jpg,1
Dog\8496.jpg,1
Dog\8497.jpg,1
Dog\8498.jpg,1
Dog\8499.jpg,1
Dog\8500.jpg,1
Dog\8501.jpg,1
Dog\8502.jpg,1
Dog\8503.jpg,1
Dog\8504.jpg,1
Dog\8505.jpg,1
Dog\8506.jpg,1
Dog\8507.jpg,1
Dog\8508.jpg,1
Dog\8509.jpg,1
Dog\8510.jpg,1
Dog\8511.jpg,1
Dog\8512.jpg,1
Dog\8513.jpg,1
Dog\8514.jpg,1
Dog\8515.jpg,1
Dog\8516.jpg,1
Dog\8517.jpg,1
Dog\8518.jpg,1
Dog\8519.jpg,1
Dog\8520.jpg,1
Dog\8521.jpg,1
Dog\8522.jpg,1
Dog\8523.jpg,1
Dog\8524.jpg,1
Dog\8525.jpg,1
Dog\8526.jpg,1
Dog\8527.jpg,1
Dog\8528.jpg,1
Dog\8529.jpg,1
Dog\8530.jpg,1
Dog\8531.jpg,1
Dog\8532.jpg,1
Dog\8533.jpg,1
Dog\8534.jpg,1
Dog\8535.jpg,1
Dog\8536.jpg,1
Dog\8537.jpg,1
Dog\8538.jpg,1
Dog\8539.jpg,1
Dog\8540.jpg,1
Dog\8541.jpg,1
Dog\8542.jpg,1
Dog\8543.jpg,1
Dog\8544.jpg,1
Dog\8545.jpg,1
Dog\8546.jpg,1
Dog\8547.jpg,1
Dog\8548.jpg,1
Dog\8549.jpg,1
Dog\8550.jpg,1
Dog\8551.jpg,1
Dog\8552.jpg,1
Dog\8553.jpg,1
Dog\8554.jpg,1
Dog\8555.jpg,1
Dog\8556.jpg,1
Dog\8557.jpg,1
Dog\8558.jpg,1
Dog\8559.jpg,1
Dog\8560.jpg,1
Dog\8561.jpg,1
Dog\8562.jpg,1
Dog\8563.jpg,1
Dog\8564.jpg,1
Dog\8565.jpg,1
Dog\8566.jpg,1
Dog\8567.jpg,1
Dog\8568.jpg,1
Dog\8569.jpg,1
Dog\8570.jpg,1
Dog\8571.jpg,1
Dog\8572.jpg,1
Dog\8573.jpg,1
Dog\8574.jpg,1
Dog\8575.jpg,1
Dog\8576.jpg,1
Dog\8577.jpg,1
Dog\8578.jpg,1
Dog\8579.jpg,1
Dog\8580.jpg,1
Dog\8581.jpg,1
Dog\8582.jpg,1
Dog\8583.jpg,1
Dog\8584.jpg,1
Dog\8585.jpg,1
Dog\8586.jpg,1
Dog\8587.jpg,1
Dog\8588.jpg,1
Dog\8589.jpg,1
Dog\8590.jpg,1
Dog\8591.jpg,1
Dog\8592.jpg,1
Dog\8593.jpg,1
Dog\8594.jpg,1
Dog\8595.jpg,1
Dog\8596.jpg,1
Dog\8597.jpg,1
Dog\8598.jpg,1
Dog\8599.jpg,1
Dog\8600.jpg,1
Dog\8601.jpg,1
Dog\8602.jpg,1
Dog\8603.jpg,1
Dog\8604.jpg,1
Dog\8605.jpg,1
Dog\8606.jpg,1
Dog\8607.jpg,1
Dog\8608.jpg,1
Dog\8609.jpg,1
Dog\8610.jpg,1
Dog\8611.jpg,1
Dog\8612.jpg,1
Dog\8613.jpg,1
Dog\8614.jpg,1
Dog\8615.jpg,1
Dog\8616.jpg,1
Dog\8617.jpg,1
Dog\8618.jpg,1
Dog\8619.jpg,1
Dog\8620.jpg,1
Dog\8621.jpg,1
Dog\8622.jpg,1
Dog\8623.jpg,1
Dog\8624.jpg,1
Dog\8625.jpg,1
Dog\8626.jpg,1
Dog\8627.jpg,1
Dog\8628.jpg,1
Dog\8629.jpg,1
Dog\8630.jpg,1
Dog\8631.jpg,1
Dog\8632.jpg,1
Dog\8633.jpg,1
Dog\8634.jpg,1
Dog\8635.jpg,1
Dog\8636.jpg,1
Dog\8637.jpg,1
Dog\8638.jpg,1
Dog\8639.jpg,1
Dog\8640.jpg,1
Dog\8641.jpg,1
Dog\8642.jpg,1
Dog\8643.jpg,1
Dog\8644.jpg,1
Dog\8645.jpg,1
Dog\8646.jpg,1
Dog\8647.jpg,1
Dog\8648.jpg,1
Dog\8649.jpg,1
Dog\8650.jpg,1
Dog\8651.jpg,1
Dog\8652.jpg,1
Dog\8653.jpg,1
Dog\8654.jpg,1
Dog\8655.jpg,1
Dog\8656.jpg,1
Dog\8657.jpg,1
Dog\8658.jpg,1
Dog\8659.jpg,1
Dog\8660.jpg,1
Dog\8661.jpg,1
Dog\8662.jpg,1
Dog\8663.jpg,1
Dog\8664.jpg,1
Dog\8665.jpg,1
Dog\8666.jpg,1
Dog\8667.jpg,1
Dog\8668.jpg,1
Dog\8669.jpg,1
Dog\8670.jpg,1
Dog\8671.jpg,1
Dog\8672.jpg,1
Dog\8673.jpg,1
Dog\8674.jpg,1
Dog\8675.jpg,1
Dog\8676.jpg,1
Dog\8677.jpg,1
Dog\8678.jpg,1
Dog\8679.jpg,1
Dog\8680.jpg,1
Dog\8681.jpg,1
Dog\8682.jpg,1
Dog\8683.jpg,1
Dog\8684.jpg,1
Dog\8685.jpg,1
Dog\8686.jpg,1
Dog\8687.jpg,1
Dog\8688.jpg,1
Dog\8689.jpg,1
Dog\8690.jpg,1
Dog\8691.jpg,1
Dog\8692.jpg,1
Dog\8693.jpg,1
Dog\8694.jpg,1
Dog\8695.jpg,1
Dog\8696.jpg,1
Dog\8697.jpg,1
Dog\8698.jpg,1
Dog\8699.jpg,1
Dog\8700.jpg,1
Dog\8701.jpg,1
Dog\8702.jpg,1
Dog\8703.jpg,1
Dog\8704.jpg,1
Dog\8705.jpg,1
Dog\8706.jpg,1
Dog\8707.jpg,1
Dog\8708.jpg,1
Dog\8709.jpg,1
Dog\8710.jpg,1
Dog\8711.jpg,1
Dog\8712.jpg,1
Dog\8713.jpg,1
Dog\8714.jpg,1
Dog\8715.jpg,1
Dog\8716.jpg,1
Dog\8717.jpg,1
Dog\8718.jpg,1
Dog\8719.jpg,1
Dog\8720.jpg,1
Dog\8721.jpg,1
Dog\8722.jpg,1
Dog\8723.jpg,1
Dog\8724.jpg,1
Dog\8725.jpg,1
Dog\8726.jpg,1
Dog\8727.jpg,1
Dog\8728.jpg,1
Dog\8729.jpg,1
Dog\8731.jpg,1
Dog\8732.jpg,1
Dog\8733.jpg,1
Dog\8734.jpg,1
Dog\8735.jpg,1
Dog\8736.jpg,1
Dog\8737.jpg,1
Dog\8738.jpg,1
Dog\8739.jpg,1
Dog\8740.jpg,1
Dog\8741.jpg,1
Dog\8742.jpg,1
Dog\8743.jpg,1
Dog\8744.jpg,1
Dog\8745.jpg,1
Dog\8746.jpg,1
Dog\8747.jpg,1
Dog\8748.jpg,1
Dog\8749.jpg,1
Dog\8750.jpg,1
Dog\8751.jpg,1
Dog\8752.jpg,1
Dog\8753.jpg,1
Dog\8754.jpg,1
Dog\8755.jpg,1
Dog\8756.jpg,1
Dog\8757.jpg,1
Dog\8758.jpg,1
Dog\8759.jpg,1
Dog\8760.jpg,1
Dog\8761.jpg,1
Dog\8762.jpg,1
Dog\8763.jpg,1
Dog\8764.jpg,1
Dog\8765.jpg,1
Dog\8766.jpg,1
Dog\8767.jpg,1
Dog\8768.jpg,1
Dog\8769.jpg,1
Dog\8770.jpg,1
Dog\8771.jpg,1
Dog\8772.jpg,1
Dog\8773.jpg,1
Dog\8774.jpg,1
Dog\8775.jpg,1
Dog\8776.jpg,1
Dog\8777.jpg,1
Dog\8778.jpg,1
Dog\8779.jpg,1
Dog\8780.jpg,1
Dog\8781.jpg,1
Dog\8782.jpg,1
Dog\8783.jpg,1
Dog\8784.jpg,1
Dog\8785.jpg,1
Dog\8786.jpg,1
Dog\8787.jpg,1
Dog\8788.jpg,1
Dog\8789.jpg,1
Dog\8790.jpg,1
Dog\8791.jpg,1
Dog\8792.jpg,1
Dog\8793.jpg,1
Dog\8794.jpg,1
Dog\8795.jpg,1
Dog\8796.jpg,1
Dog\8797.jpg,1
Dog\8798.jpg,1
Dog\8799.jpg,1
Dog\8800.jpg,1
Dog\8801.jpg,1
Dog\8802.jpg,1
Dog\8803.jpg,1
Dog\8804.jpg,1
Dog\8805.jpg,1
Dog\8806.jpg,1
Dog\8807.jpg,1
Dog\8808.jpg,1
Dog\8809.jpg,1
Dog\8810.jpg,1
Dog\8811.jpg,1
Dog\8812.jpg,1
Dog\8813.jpg,1
Dog\8814.jpg,1
Dog\8815.jpg,1
Dog\8816.jpg,1
Dog\8817.jpg,1
Dog\8818.jpg,1
Dog\8819.jpg,1
Dog\8820.jpg,1
Dog\8821.jpg,1
Dog\8822.jpg,1
Dog\8823.jpg,1
Dog\8824.jpg,1
Dog\8825.jpg,1
Dog\8826.jpg,1
Dog\8827.jpg,1
Dog\8828.jpg,1
Dog\8829.jpg,1
Dog\8830.jpg,1
Dog\8831.jpg,1
Dog\8832.jpg,1
Dog\8833.jpg,1
Dog\8834.jpg,1
Dog\8835.jpg,1
Dog\8836.jpg,1
Dog\8837.jpg,1
Dog\8838.jpg,1
Dog\8839.jpg,1
Dog\8840.jpg,1
Dog\8841.jpg,1
Dog\8842.jpg,1
Dog\8843.jpg,1
Dog\8844.jpg,1
Dog\8845.jpg,1
Dog\8846.jpg,1
Dog\8847.jpg,1
Dog\8848.jpg,1
Dog\8849.jpg,1
Dog\8850.jpg,1
Dog\8851.jpg,1
Dog\8852.jpg,1
Dog\8853.jpg,1
Dog\8854.jpg,1
Dog\8855.jpg,1
Dog\8856.jpg,1
Dog\8857.jpg,1
Dog\8858.jpg,1
Dog\8859.jpg,1
Dog\8860.jpg,1
Dog\8861.jpg,1
Dog\8862.jpg,1
Dog\8863.jpg,1
Dog\8864.jpg,1
Dog\8865.jpg,1
Dog\8866.jpg,1
Dog\8867.jpg,1
Dog\8868.jpg,1
Dog\8869.jpg,1
Dog\8870.jpg,1
Dog\8871.jpg,1
Dog\8872.jpg,1
Dog\8873.jpg,1
Dog\8874.jpg,1
Dog\8875.jpg,1
Dog\8876.jpg,1
Dog\8877.jpg,1
Dog\8878.jpg,1
Dog\8879.jpg,1
Dog\8880.jpg,1
Dog\8881.jpg,1
Dog\8882.jpg,1
Dog\8883.jpg,1
Dog\8884.jpg,1
Dog\8885.jpg,1
Dog\8886.jpg,1
Dog\8887.jpg,1
Dog\8888.jpg,1
Dog\8889.jpg,1
Dog\8890.jpg,1
Dog\8891.jpg,1
Dog\8892.jpg,1
Dog\8893.jpg,1
Dog\8894.jpg,1
Dog\8895.jpg,1
Dog\8896.jpg,1
Dog\8897.jpg,1
Dog\8898.jpg,1
Dog\8899.jpg,1
Dog\8900.jpg,1
Dog\8901.jpg,1
Dog\8902.jpg,1
Dog\8903.jpg,1
Dog\8904.jpg,1
Dog\8905.jpg,1
Dog\8906.jpg,1
Dog\8907.jpg,1
Dog\8908.jpg,1
Dog\8909.jpg,1
Dog\8910.jpg,1
Dog\8911.jpg,1
Dog\8912.jpg,1
Dog\8913.jpg,1
Dog\8914.jpg,1
Dog\8915.jpg,1
Dog\8916.jpg,1
Dog\8917.jpg,1
Dog\8918.jpg,1
Dog\8919.jpg,1
Dog\8920.jpg,1
Dog\8921.jpg,1
Dog\8922.jpg,1
Dog\8923.jpg,1
Dog\8924.jpg,1
Dog\8925.jpg,1
Dog\8926.jpg,1
Dog\8927.jpg,1
Dog\8928.jpg,1
Dog\8929.jpg,1
Dog\8930.jpg,1
Dog\8931.jpg,1
Dog\8932.jpg,1
Dog\8933.jpg,1
Dog\8934.jpg,1
Dog\8935.jpg,1
Dog\8936.jpg,1
Dog\8937.jpg,1
Dog\8938.jpg,1
Dog\8939.jpg,1
Dog\8940.jpg,1
Dog\8941.jpg,1
Dog\8942.jpg,1
Dog\8943.jpg,1
Dog\8944.jpg,1
Dog\8945.jpg,1
Dog\8946.jpg,1
Dog\8947.jpg,1
Dog\8948.jpg,1
Dog\8949.jpg,1
Dog\8950.jpg,1
Dog\8951.jpg,1
Dog\8952.jpg,1
Dog\8953.jpg,1
Dog\8954.jpg,1
Dog\8955.jpg,1
Dog\8956.jpg,1
Dog\8957.jpg,1
Dog\8958.jpg,1
Dog\8959.jpg,1
Dog\8960.jpg,1
Dog\8961.jpg,1
Dog\8962.jpg,1
Dog\8963.jpg,1
Dog\8964.jpg,1
Dog\8965.jpg,1
Dog\8966.jpg,1
Dog\8967.jpg,1
Dog\8968.jpg,1
Dog\8969.jpg,1
Dog\8970.jpg,1
Dog\8971.jpg,1
Dog\8972.jpg,1
Dog\8973.jpg,1
Dog\8974.jpg,1
Dog\8975.jpg,1
Dog\8976.jpg,1
Dog\8977.jpg,1
Dog\8978.jpg,1
Dog\8979.jpg,1
Dog\8980.jpg,1
Dog\8981.jpg,1
Dog\8982.jpg,1
Dog\8983.jpg,1
Dog\8984.jpg,1
Dog\8985.jpg,1
Dog\8986.jpg,1
Dog\8987.jpg,1
Dog\8988.jpg,1
Dog\8989.jpg,1
Dog\8990.jpg,1
Dog\8991.jpg,1
Dog\8992.jpg,1
Dog\8993.jpg,1
Dog\8994.jpg,1
Dog\8995.jpg,1
Dog\8996.jpg,1
Dog\8997.jpg,1
Dog\8998.jpg,1
Dog\8999.jpg,1
Dog\9000.jpg,1
Dog\9001.jpg,1
Dog\9002.jpg,1
Dog\9003.jpg,1
Dog\9004.jpg,1
Dog\9005.jpg,1
Dog\9006.jpg,1
Dog\9007.jpg,1
Dog\9008.jpg,1
Dog\9009.jpg,1
Dog\9010.jpg,1
Dog\9011.jpg,1
Dog\9012.jpg,1
Dog\9013.jpg,1
Dog\9014.jpg,1
Dog\9015.jpg,1
Dog\9016.jpg,1
Dog\9017.jpg,1
Dog\9018.jpg,1
Dog\9019.jpg,1
Dog\9020.jpg,1
Dog\9021.jpg,1
Dog\9022.jpg,1
Dog\9023.jpg,1
Dog\9024.jpg,1
Dog\9025.jpg,1
Dog\9026.jpg,1
Dog\9027.jpg,1
Dog\9028.jpg,1
Dog\9029.jpg,1
Dog\9030.jpg,1
Dog\9031.jpg,1
Dog\9032.jpg,1
Dog\9033.jpg,1
Dog\9034.jpg,1
Dog\9035.jpg,1
Dog\9036.jpg,1
Dog\9037.jpg,1
Dog\9038.jpg,1
Dog\9039.jpg,1
Dog\9040.jpg,1
Dog\9041.jpg,1
Dog\9042.jpg,1
Dog\9043.jpg,1
Dog\9044.jpg,1
Dog\9045.jpg,1
Dog\9046.jpg,1
Dog\9047.jpg,1
Dog\9048.jpg,1
Dog\9049.jpg,1
Dog\9050.jpg,1
Dog\9051.jpg,1
Dog\9052.jpg,1
Dog\9053.jpg,1
Dog\9054.jpg,1
Dog\9055.jpg,1
Dog\9056.jpg,1
Dog\9057.jpg,1
Dog\9058.jpg,1
Dog\9059.jpg,1
Dog\9060.jpg,1
Dog\9061.jpg,1
Dog\9062.jpg,1
Dog\9063.jpg,1
Dog\9064.jpg,1
Dog\9065.jpg,1
Dog\9066.jpg,1
Dog\9067.jpg,1
Dog\9068.jpg,1
Dog\9069.jpg,1
Dog\9070.jpg,1
Dog\9071.jpg,1
Dog\9072.jpg,1
Dog\9073.jpg,1
Dog\9074.jpg,1
Dog\9075.jpg,1
Dog\9076.jpg,1
Dog\9077.jpg,1
Dog\9078.jpg,1
Dog\9079.jpg,1
Dog\9080.jpg,1
Dog\9081.jpg,1
Dog\9082.jpg,1
Dog\9083.jpg,1
Dog\9084.jpg,1
Dog\9085.jpg,1
Dog\9086.jpg,1
Dog\9087.jpg,1
Dog\9088.jpg,1
Dog\9089.jpg,1
Dog\9090.jpg,1
Dog\9091.jpg,1
Dog\9092.jpg,1
Dog\9093.jpg,1
Dog\9094.jpg,1
Dog\9095.jpg,1
Dog\9096.jpg,1
Dog\9097.jpg,1
Dog\9098.jpg,1
Dog\9099.jpg,1
Dog\9100.jpg,1
Dog\9101.jpg,1
Dog\9102.jpg,1
Dog\9103.jpg,1
Dog\9104.jpg,1
Dog\9105.jpg,1
Dog\9106.jpg,1
Dog\9107.jpg,1
Dog\9108.jpg,1
Dog\9109.jpg,1
Dog\9110.jpg,1
Dog\9111.jpg,1
Dog\9112.jpg,1
Dog\9113.jpg,1
Dog\9114.jpg,1
Dog\9115.jpg,1
Dog\9116.jpg,1
Dog\9117.jpg,1
Dog\9118.jpg,1
Dog\9119.jpg,1
Dog\9120.jpg,1
Dog\9121.jpg,1
Dog\9122.jpg,1
Dog\9123.jpg,1
Dog\9124.jpg,1
Dog\9125.jpg,1
Dog\9126.jpg,1
Dog\9127.jpg,1
Dog\9128.jpg,1
Dog\9129.jpg,1
Dog\9130.jpg,1
Dog\9131.jpg,1
Dog\9132.jpg,1
Dog\9133.jpg,1
Dog\9134.jpg,1
Dog\9135.jpg,1
Dog\9136.jpg,1
Dog\9137.jpg,1
Dog\9138.jpg,1
Dog\9139.jpg,1
Dog\9140.jpg,1
Dog\9141.jpg,1
Dog\9142.jpg,1
Dog\9143.jpg,1
Dog\9144.jpg,1
Dog\9145.jpg,1
Dog\9146.jpg,1
Dog\9147.jpg,1
Dog\9148.jpg,1
Dog\9149.jpg,1
Dog\9150.jpg,1
Dog\9151.jpg,1
Dog\9152.jpg,1
Dog\9153.jpg,1
Dog\9154.jpg,1
Dog\9155.jpg,1
Dog\9156.jpg,1
Dog\9157.jpg,1
Dog\9158.jpg,1
Dog\9159.jpg,1
Dog\9160.jpg,1
Dog\9161.jpg,1
Dog\9162.jpg,1
Dog\9163.jpg,1
Dog\9164.jpg,1
Dog\9165.jpg,1
Dog\9166.jpg,1
Dog\9167.jpg,1
Dog\9168.jpg,1
Dog\9169.jpg,1
Dog\9170.jpg,1
Dog\9171.jpg,1
Dog\9172.jpg,1
Dog\9173.jpg,1
Dog\9174.jpg,1
Dog\9175.jpg,1
Dog\9176.jpg,1
Dog\9177.jpg,1
Dog\9178.jpg,1
Dog\9179.jpg,1
Dog\9180.jpg,1
Dog\9181.jpg,1
Dog\9182.jpg,1
Dog\9183.jpg,1
Dog\9184.jpg,1
Dog\9185.jpg,1
Dog\9186.jpg,1
Dog\9187.jpg,1
Dog\9189.jpg,1
Dog\9190.jpg,1
Dog\9191.jpg,1
Dog\9192.jpg,1
Dog\9193.jpg,1
Dog\9194.jpg,1
Dog\9195.jpg,1
Dog\9196.jpg,1
Dog\9197.jpg,1
Dog\9198.jpg,1
Dog\9199.jpg,1
Dog\9200.jpg,1
Dog\9201.jpg,1
Dog\9202.jpg,1
Dog\9203.jpg,1
Dog\9204.jpg,1
Dog\9205.jpg,1
Dog\9206.jpg,1
Dog\9207.jpg,1
Dog\9208.jpg,1
Dog\9209.jpg,1
Dog\9210.jpg,1
Dog\9211.jpg,1
Dog\9212.jpg,1
Dog\9213.jpg,1
Dog\9214.jpg,1
Dog\9215.jpg,1
Dog\9216.jpg,1
Dog\9217.jpg,1
Dog\9218.jpg,1
Dog\9219.jpg,1
Dog\9220.jpg,1
Dog\9221.jpg,1
Dog\9222.jpg,1
Dog\9223.jpg,1
Dog\9224.jpg,1
Dog\9225.jpg,1
Dog\9226.jpg,1
Dog\9227.jpg,1
Dog\9228.jpg,1
Dog\9229.jpg,1
Dog\9230.jpg,1
Dog\9231.jpg,1
Dog\9232.jpg,1
Dog\9233.jpg,1
Dog\9234.jpg,1
Dog\9235.jpg,1
Dog\9236.jpg,1
Dog\9237.jpg,1
Dog\9238.jpg,1
Dog\9239.jpg,1
Dog\9240.jpg,1
Dog\9241.jpg,1
Dog\9242.jpg,1
Dog\9243.jpg,1
Dog\9244.jpg,1
Dog\9245.jpg,1
Dog\9246.jpg,1
Dog\9247.jpg,1
Dog\9248.jpg,1
Dog\9249.jpg,1
Dog\9250.jpg,1
Dog\9251.jpg,1
Dog\9252.jpg,1
Dog\9253.jpg,1
Dog\9254.jpg,1
Dog\9255.jpg,1
Dog\9256.jpg,1
Dog\9257.jpg,1
Dog\9258.jpg,1
Dog\9259.jpg,1
Dog\9260.jpg,1
Dog\9261.jpg,1
Dog\9262.jpg,1
Dog\9263.jpg,1
Dog\9264.jpg,1
Dog\9265.jpg,1
Dog\9266.jpg,1
Dog\9267.jpg,1
Dog\9268.jpg,1
Dog\9269.jpg,1
Dog\9270.jpg,1
Dog\9271.jpg,1
Dog\9272.jpg,1
Dog\9273.jpg,1
Dog\9274.jpg,1
Dog\9275.jpg,1
Dog\9276.jpg,1
Dog\9277.jpg,1
Dog\9278.jpg,1
Dog\9279.jpg,1
Dog\9280.jpg,1
Dog\9281.jpg,1
Dog\9282.jpg,1
Dog\9283.jpg,1
Dog\9284.jpg,1
Dog\9285.jpg,1
Dog\9286.jpg,1
Dog\9287.jpg,1
Dog\9288.jpg,1
Dog\9289.jpg,1
Dog\9290.jpg,1
Dog\9291.jpg,1
Dog\9292.jpg,1
Dog\9293.jpg,1
Dog\9294.jpg,1
Dog\9295.jpg,1
Dog\9296.jpg,1
Dog\9297.jpg,1
Dog\9298.jpg,1
Dog\9299.jpg,1
Dog\9300.jpg,1
Dog\9301.jpg,1
Dog\9302.jpg,1
Dog\9303.jpg,1
Dog\9304.jpg,1
Dog\9305.jpg,1
Dog\9306.jpg,1
Dog\9307.jpg,1
Dog\9308.jpg,1
Dog\9309.jpg,1
Dog\9310.jpg,1
Dog\9311.jpg,1
Dog\9312.jpg,1
Dog\9313.jpg,1
Dog\9314.jpg,1
Dog\9315.jpg,1
Dog\9316.jpg,1
Dog\9317.jpg,1
Dog\9318.jpg,1
Dog\9319.jpg,1
Dog\9320.jpg,1
Dog\9321.jpg,1
Dog\9322.jpg,1
Dog\9323.jpg,1
Dog\9324.jpg,1
Dog\9325.jpg,1
Dog\9326.jpg,1
Dog\9327.jpg,1
Dog\9328.jpg,1
Dog\9329.jpg,1
Dog\9330.jpg,1
Dog\9331.jpg,1
Dog\9332.jpg,1
Dog\9333.jpg,1
Dog\9334.jpg,1
Dog\9335.jpg,1
Dog\9336.jpg,1
Dog\9337.jpg,1
Dog\9338.jpg,1
Dog\9339.jpg,1
Dog\9340.jpg,1
Dog\9341.jpg,1
Dog\9342.jpg,1
Dog\9343.jpg,1
Dog\9344.jpg,1
Dog\9345.jpg,1
Dog\9346.jpg,1
Dog\9347.jpg,1
Dog\9348.jpg,1
Dog\9349.jpg,1
Dog\9350.jpg,1
Dog\9351.jpg,1
Dog\9352.jpg,1
Dog\9353.jpg,1
Dog\9354.jpg,1
Dog\9355.jpg,1
Dog\9356.jpg,1
Dog\9357.jpg,1
Dog\9358.jpg,1
Dog\9359.jpg,1
Dog\9360.jpg,1
Dog\9361.jpg,1
Dog\9362.jpg,1
Dog\9363.jpg,1
Dog\9364.jpg,1
Dog\9365.jpg,1
Dog\9366.jpg,1
Dog\9367.jpg,1
Dog\9368.jpg,1
Dog\9369.jpg,1
Dog\9370.jpg,1
Dog\9371.jpg,1
Dog\9372.jpg,1
Dog\9373.jpg,1
Dog\9374.jpg,1
Dog\9375.jpg,1
Dog\9376.jpg,1
Dog\9377.jpg,1
Dog\9378.jpg,1
Dog\9379.jpg,1
Dog\9380.jpg,1
Dog\9381.jpg,1
Dog\9382.jpg,1
Dog\9383.jpg,1
Dog\9384.jpg,1
Dog\9385.jpg,1
Dog\9386.jpg,1
Dog\9387.jpg,1
Dog\9388.jpg,1
Dog\9389.jpg,1
Dog\9390.jpg,1
Dog\9391.jpg,1
Dog\9392.jpg,1
Dog\9393.jpg,1
Dog\9394.jpg,1
Dog\9395.jpg,1
Dog\9396.jpg,1
Dog\9397.jpg,1
Dog\9398.jpg,1
Dog\9399.jpg,1
Dog\9400.jpg,1
Dog\9401.jpg,1
Dog\9402.jpg,1
Dog\9403.jpg,1
Dog\9404.jpg,1
Dog\9405.jpg,1
Dog\9406.jpg,1
Dog\9407.jpg,1
Dog\9408.jpg,1
Dog\9409.jpg,1
Dog\9410.jpg,1
Dog\9411.jpg,1
Dog\9412.jpg,1
Dog\9413.jpg,1
Dog\9414.jpg,1
Dog\9415.jpg,1
Dog\9416.jpg,1
Dog\9417.jpg,1
Dog\9418.jpg,1
Dog\9419.jpg,1
Dog\9420.jpg,1
Dog\9421.jpg,1
Dog\9422.jpg,1
Dog\9423.jpg,1
Dog\9424.jpg,1
Dog\9425.jpg,1
Dog\9426.jpg,1
Dog\9427.jpg,1
Dog\9428.jpg,1
Dog\9429.jpg,1
Dog\9430.jpg,1
Dog\9431.jpg,1
Dog\9432.jpg,1
Dog\9433.jpg,1
Dog\9434.jpg,1
Dog\9435.jpg,1
Dog\9436.jpg,1
Dog\9437.jpg,1
Dog\9438.jpg,1
Dog\9439.jpg,1
Dog\9440.jpg,1
Dog\9441.jpg,1
Dog\9442.jpg,1
Dog\9443.jpg,1
Dog\9444.jpg,1
Dog\9445.jpg,1
Dog\9446.jpg,1
Dog\9447.jpg,1
Dog\9448.jpg,1
Dog\9449.jpg,1
Dog\9450.jpg,1
Dog\9451.jpg,1
Dog\9452.jpg,1
Dog\9453.jpg,1
Dog\9454.jpg,1
Dog\9455.jpg,1
Dog\9456.jpg,1
Dog\9457.jpg,1
Dog\9458.jpg,1
Dog\9459.jpg,1
Dog\9460.jpg,1
Dog\9461.jpg,1
Dog\9462.jpg,1
Dog\9463.jpg,1
Dog\9464.jpg,1
Dog\9465.jpg,1
Dog\9466.jpg,1
Dog\9467.jpg,1
Dog\9468.jpg,1
Dog\9469.jpg,1
Dog\9470.jpg,1
Dog\9471.jpg,1
Dog\9472.jpg,1
Dog\9473.jpg,1
Dog\9474.jpg,1
Dog\9475.jpg,1
Dog\9476.jpg,1
Dog\9477.jpg,1
Dog\9478.jpg,1
Dog\9479.jpg,1
Dog\9480.jpg,1
Dog\9481.jpg,1
Dog\9482.jpg,1
Dog\9483.jpg,1
Dog\9484.jpg,1
Dog\9485.jpg,1
Dog\9486.jpg,1
Dog\9487.jpg,1
Dog\9488.jpg,1
Dog\9489.jpg,1
Dog\9490.jpg,1
Dog\9491.jpg,1
Dog\9492.jpg,1
Dog\9493.jpg,1
Dog\9494.jpg,1
Dog\9495.jpg,1
Dog\9496.jpg,1
Dog\9497.jpg,1
Dog\9498.jpg,1
Dog\9499.jpg,1
Dog\9500.jpg,1
Dog\9501.jpg,1
Dog\9502.jpg,1
Dog\9503.jpg,1
Dog\9504.jpg,1
Dog\9505.jpg,1
Dog\9506.jpg,1
Dog\9507.jpg,1
Dog\9508.jpg,1
Dog\9509.jpg,1
Dog\9510.jpg,1
Dog\9511.jpg,1
Dog\9512.jpg,1
Dog\9513.jpg,1
Dog\9514.jpg,1
Dog\9515.jpg,1
Dog\9516.jpg,1
Dog\9517.jpg,1
Dog\9518.jpg,1
Dog\9519.jpg,1
Dog\9520.jpg,1
Dog\9521.jpg,1
Dog\9522.jpg,1
Dog\9523.jpg,1
Dog\9524.jpg,1
Dog\9525.jpg,1
Dog\9526.jpg,1
Dog\9527.jpg,1
Dog\9528.jpg,1
Dog\9529.jpg,1
Dog\9530.jpg,1
Dog\9531.jpg,1
Dog\9532.jpg,1
Dog\9533.jpg,1
Dog\9534.jpg,1
Dog\9535.jpg,1
Dog\9536.jpg,1
Dog\9537.jpg,1
Dog\9538.jpg,1
Dog\9539.jpg,1
Dog\9540.jpg,1
Dog\9541.jpg,1
Dog\9542.jpg,1
Dog\9543.jpg,1
Dog\9544.jpg,1
Dog\9545.jpg,1
Dog\9546.jpg,1
Dog\9547.jpg,1
Dog\9548.jpg,1
Dog\9549.jpg,1
Dog\9550.jpg,1
Dog\9551.jpg,1
Dog\9552.jpg,1
Dog\9553.jpg,1
Dog\9554.jpg,1
Dog\9555.jpg,1
Dog\9556.jpg,1
Dog\9557.jpg,1
Dog\9558.jpg,1
Dog\9559.jpg,1
Dog\9560.jpg,1
Dog\9561.jpg,1
Dog\9562.jpg,1
Dog\9563.jpg,1
Dog\9564.jpg,1
Dog\9565.jpg,1
Dog\9566.jpg,1
Dog\9567.jpg,1
Dog\9568.jpg,1
Dog\9569.jpg,1
Dog\9570.jpg,1
Dog\9571.jpg,1
Dog\9572.jpg,1
Dog\9573.jpg,1
Dog\9574.jpg,1
Dog\9575.jpg,1
Dog\9576.jpg,1
Dog\9577.jpg,1
Dog\9578.jpg,1
Dog\9579.jpg,1
Dog\9580.jpg,1
Dog\9581.jpg,1
Dog\9582.jpg,1
Dog\9583.jpg,1
Dog\9584.jpg,1
Dog\9585.jpg,1
Dog\9586.jpg,1
Dog\9587.jpg,1
Dog\9588.jpg,1
Dog\9589.jpg,1
Dog\9590.jpg,1
Dog\9591.jpg,1
Dog\9592.jpg,1
Dog\9593.jpg,1
Dog\9594.jpg,1
Dog\9595.jpg,1
Dog\9596.jpg,1
Dog\9597.jpg,1
Dog\9598.jpg,1
Dog\9599.jpg,1
Dog\9600.jpg,1
Dog\9601.jpg,1
Dog\9602.jpg,1
Dog\9603.jpg,1
Dog\9604.jpg,1
Dog\9605.jpg,1
Dog\9606.jpg,1
Dog\9607.jpg,1
Dog\9608.jpg,1
Dog\9609.jpg,1
Dog\9610.jpg,1
Dog\9611.jpg,1
Dog\9612.jpg,1
Dog\9613.jpg,1
Dog\9614.jpg,1
Dog\9615.jpg,1
Dog\9616.jpg,1
Dog\9617.jpg,1
Dog\9618.jpg,1
Dog\9619.jpg,1
Dog\9620.jpg,1
Dog\9621.jpg,1
Dog\9622.jpg,1
Dog\9623.jpg,1
Dog\9624.jpg,1
Dog\9625.jpg,1
Dog\9626.jpg,1
Dog\9627.jpg,1
Dog\9628.jpg,1
Dog\9629.jpg,1
Dog\9630.jpg,1
Dog\9631.jpg,1
Dog\9632.jpg,1
Dog\9633.jpg,1
Dog\9634.jpg,1
Dog\9635.jpg,1
Dog\9636.jpg,1
Dog\9637.jpg,1
Dog\9638.jpg,1
Dog\9639.jpg,1
Dog\9640.jpg,1
Dog\9641.jpg,1
Dog\9642.jpg,1
Dog\9643.jpg,1
Dog\9644.jpg,1
Dog\9645.jpg,1
Dog\9646.jpg,1
Dog\9647.jpg,1
Dog\9648.jpg,1
Dog\9649.jpg,1
Dog\9650.jpg,1
Dog\9651.jpg,1
Dog\9652.jpg,1
Dog\9653.jpg,1
Dog\9654.jpg,1
Dog\9655.jpg,1
Dog\9656.jpg,1
Dog\9657.jpg,1
Dog\9658.jpg,1
Dog\9659.jpg,1
Dog\9660.jpg,1
Dog\9661.jpg,1
Dog\9662.jpg,1
Dog\9663.jpg,1
Dog\9664.jpg,1
Dog\9665.jpg,1
Dog\9666.jpg,1
Dog\9667.jpg,1
Dog\9668.jpg,1
Dog\9669.jpg,1
Dog\9670.jpg,1
Dog\9671.jpg,1
Dog\9672.jpg,1
Dog\9673.jpg,1
Dog\9674.jpg,1
Dog\9675.jpg,1
Dog\9676.jpg,1
Dog\9677.jpg,1
Dog\9678.jpg,1
Dog\9679.jpg,1
Dog\9680.jpg,1
Dog\9681.jpg,1
Dog\9682.jpg,1
Dog\9683.jpg,1
Dog\9684.jpg,1
Dog\9685.jpg,1
Dog\9686.jpg,1
Dog\9687.jpg,1
Dog\9688.jpg,1
Dog\9689.jpg,1
Dog\9690.jpg,1
Dog\9691.jpg,1
Dog\9692.jpg,1
Dog\9693.jpg,1
Dog\9694.jpg,1
Dog\9695.jpg,1
Dog\9696.jpg,1
Dog\9697.jpg,1
Dog\9698.jpg,1
Dog\9699.jpg,1
Dog\9700.jpg,1
Dog\9701.jpg,1
Dog\9702.jpg,1
Dog\9703.jpg,1
Dog\9704.jpg,1
Dog\9705.jpg,1
Dog\9706.jpg,1
Dog\9707.jpg,1
Dog\9708.jpg,1
Dog\9709.jpg,1
Dog\9710.jpg,1
Dog\9711.jpg,1
Dog\9712.jpg,1
Dog\9713.jpg,1
Dog\9714.jpg,1
Dog\9715.jpg,1
Dog\9716.jpg,1
Dog\9717.jpg,1
Dog\9718.jpg,1
Dog\9719.jpg,1
Dog\9720.jpg,1
Dog\9721.jpg,1
Dog\9722.jpg,1
Dog\9723.jpg,1
Dog\9724.jpg,1
Dog\9725.jpg,1
Dog\9726.jpg,1
Dog\9727.jpg,1
Dog\9728.jpg,1
Dog\9729.jpg,1
Dog\9730.jpg,1
Dog\9731.jpg,1
Dog\9732.jpg,1
Dog\9733.jpg,1
Dog\9734.jpg,1
Dog\9735.jpg,1
Dog\9736.jpg,1
Dog\9737.jpg,1
Dog\9738.jpg,1
Dog\9739.jpg,1
Dog\9740.jpg,1
Dog\9741.jpg,1
Dog\9742.jpg,1
Dog\9743.jpg,1
Dog\9744.jpg,1
Dog\9745.jpg,1
Dog\9746.jpg,1
Dog\9747.jpg,1
Dog\9748.jpg,1
Dog\9749.jpg,1
Dog\9750.jpg,1
Dog\9751.jpg,1
Dog\9752.jpg,1
Dog\9753.jpg,1
Dog\9754.jpg,1
Dog\9755.jpg,1
Dog\9756.jpg,1
Dog\9757.jpg,1
Dog\9758.jpg,1
Dog\9759.jpg,1
Dog\9760.jpg,1
Dog\9761.jpg,1
Dog\9762.jpg,1
Dog\9763.jpg,1
Dog\9764.jpg,1
Dog\9765.jpg,1
Dog\9766.jpg,1
Dog\9767.jpg,1
Dog\9768.jpg,1
Dog\9769.jpg,1
Dog\9770.jpg,1
Dog\9771.jpg,1
Dog\9772.jpg,1
Dog\9773.jpg,1
Dog\9774.jpg,1
Dog\9775.jpg,1
Dog\9776.jpg,1
Dog\9777.jpg,1
Dog\9778.jpg,1
Dog\9779.jpg,1
Dog\9780.jpg,1
Dog\9781.jpg,1
Dog\9782.jpg,1
Dog\9783.jpg,1
Dog\9784.jpg,1
Dog\9785.jpg,1
Dog\9786.jpg,1
Dog\9787.jpg,1
Dog\9788.jpg,1
Dog\9789.jpg,1
Dog\9790.jpg,1
Dog\9791.jpg,1
Dog\9792.jpg,1
Dog\9793.jpg,1
Dog\9794.jpg,1
Dog\9795.jpg,1
Dog\9796.jpg,1
Dog\9797.jpg,1
Dog\9798.jpg,1
Dog\9799.jpg,1
Dog\9800.jpg,1
Dog\9801.jpg,1
Dog\9802.jpg,1
Dog\9803.jpg,1
Dog\9804.jpg,1
Dog\9805.jpg,1
Dog\9806.jpg,1
Dog\9807.jpg,1
Dog\9808.jpg,1
Dog\9809.jpg,1
Dog\9810.jpg,1
Dog\9811.jpg,1
Dog\9812.jpg,1
Dog\9813.jpg,1
Dog\9814.jpg,1
Dog\9815.jpg,1
Dog\9816.jpg,1
Dog\9817.jpg,1
Dog\9818.jpg,1
Dog\9819.jpg,1
Dog\9820.jpg,1
Dog\9821.jpg,1
Dog\9822.jpg,1
Dog\9823.jpg,1
Dog\9824.jpg,1
Dog\9825.jpg,1
Dog\9826.jpg,1
Dog\9827.jpg,1
Dog\9828.jpg,1
Dog\9829.jpg,1
Dog\9830.jpg,1
Dog\9831.jpg,1
Dog\9832.jpg,1
Dog\9833.jpg,1
Dog\9834.jpg,1
Dog\9835.jpg,1
Dog\9836.jpg,1
Dog\9837.jpg,1
Dog\9838.jpg,1
Dog\9839.jpg,1
Dog\9840.jpg,1
Dog\9841.jpg,1
Dog\9842.jpg,1
Dog\9843.jpg,1
Dog\9844.jpg,1
Dog\9845.jpg,1
Dog\9846.jpg,1
Dog\9847.jpg,1
Dog\9848.jpg,1
Dog\9849.jpg,1
Dog\9850.jpg,1
Dog\9851.jpg,1
Dog\9852.jpg,1
Dog\9853.jpg,1
Dog\9854.jpg,1
Dog\9855.jpg,1
Dog\9856.jpg,1
Dog\9857.jpg,1
Dog\9858.jpg,1
Dog\9859.jpg,1
Dog\9860.jpg,1
Dog\9861.jpg,1
Dog\9862.jpg,1
Dog\9863.jpg,1
Dog\9864.jpg,1
Dog\9865.jpg,1
Dog\9866.jpg,1
Dog\9867.jpg,1
Dog\9868.jpg,1
Dog\9869.jpg,1
Dog\9870.jpg,1
Dog\9871.jpg,1
Dog\9872.jpg,1
Dog\9873.jpg,1
Dog\9874.jpg,1
Dog\9875.jpg,1
Dog\9876.jpg,1
Dog\9877.jpg,1
Dog\9878.jpg,1
Dog\9879.jpg,1
Dog\9880.jpg,1
Dog\9881.jpg,1
Dog\9882.jpg,1
Dog\9883.jpg,1
Dog\9884.jpg,1
Dog\9885.jpg,1
Dog\9886.jpg,1
Dog\9887.jpg,1
Dog\9888.jpg,1
Dog\9889.jpg,1
Dog\9890.jpg,1
Dog\9891.jpg,1
Dog\9892.jpg,1
Dog\9893.jpg,1
Dog\9894.jpg,1
Dog\9895.jpg,1
Dog\9896.jpg,1
Dog\9897.jpg,1
Dog\9898.jpg,1
Dog\9899.jpg,1
Dog\9900.jpg,1
Dog\9901.jpg,1
Dog\9902.jpg,1
Dog\9903.jpg,1
Dog\9904.jpg,1
Dog\9905.jpg,1
Dog\9906.jpg,1
Dog\9907.jpg,1
Dog\9908.jpg,1
Dog\9909.jpg,1
Dog\9910.jpg,1
Dog\9911.jpg,1
Dog\9912.jpg,1
Dog\9913.jpg,1
Dog\9914.jpg,1
Dog\9915.jpg,1
Dog\9916.jpg,1
Dog\9917.jpg,1
Dog\9918.jpg,1
Dog\9919.jpg,1
Dog\9920.jpg,1
Dog\9921.jpg,1
Dog\9922.jpg,1
Dog\9923.jpg,1
Dog\9924.jpg,1
Dog\9925.jpg,1
Dog\9926.jpg,1
Dog\9927.jpg,1
Dog\9928.jpg,1
Dog\9929.jpg,1
Dog\9930.jpg,1
Dog\9931.jpg,1
Dog\9932.jpg,1
Dog\9933.jpg,1
Dog\9934.jpg,1
Dog\9935.jpg,1
Dog\9936.jpg,1
Dog\9937.jpg,1
Dog\9938.jpg,1
Dog\9939.jpg,1
Dog\9940.jpg,1
Dog\9941.jpg,1
Dog\9942.jpg,1
Dog\9943.jpg,1
Dog\9944.jpg,1
Dog\9945.jpg,1
Dog\9946.jpg,1
Dog\9947.jpg,1
Dog\9948.jpg,1
Dog\9949.jpg,1
Dog\9950.jpg,1
Dog\9951.jpg,1
Dog\9952.jpg,1
Dog\9953.jpg,1
Dog\9954.jpg,1
Dog\9955.jpg,1
Dog\9956.jpg,1
Dog\9957.jpg,1
Dog\9958.jpg,1
Dog\9959.jpg,1
Dog\9960.jpg,1
Dog\9961.jpg,1
Dog\9962.jpg,1
Dog\9963.jpg,1
Dog\9964.jpg,1
Dog\9965.jpg,1
Dog\9966.jpg,1
Dog\9967.jpg,1
Dog\9968.jpg,1
Dog\9969.jpg,1
Dog\9970.jpg,1
Dog\9971.jpg,1
Dog\9972.jpg,1
Dog\9973.jpg,1
Dog\9974.jpg,1
Dog\9975.jpg,1
Dog\9976.jpg,1
Dog\9977.jpg,1
Dog\9978.jpg,1
Dog\9979.jpg,1
Dog\9980.jpg,1
Dog\9981.jpg,1
Dog\9982.jpg,1
Dog\9983.jpg,1
Dog\9984.jpg,1
Dog\9985.jpg,1
Dog\9986.jpg,1
Dog\9987.jpg,1
Dog\9988.jpg,1
Dog\9989.jpg,1
Dog\9990.jpg,1
Dog\9991.jpg,1
Dog\9992.jpg,1
Dog\9993.jpg,1
Dog\9994.jpg,1
Dog\9995.jpg,1
Dog\9996.jpg,1
Dog\9997.jpg,1
Dog\9998.jpg,1
Dog\9999.jpg,1
